chr	start	end
1	1	888659
1	888660	1891263
1	1891264	2299651
1	2299652	2898494
1	2898495	3168280
1	3168281	3487126
1	3487127	3681681
1	3681682	4153087
1	4153088	4514453
1	4514454	5000086
1	5000087	5310609
1	5310610	5630901
1	5630902	5836317
1	5836318	6217859
1	6217860	7245922
1	7245923	7603317
1	7603318	8273392
1	8273393	9068386
1	9068387	9469114
1	9469115	10479678
1	10479679	10862323
1	10862324	11387622
1	11387623	11824133
1	11824134	12242096
1	12242097	12720275
1	12720276	13807567
1	13807568	14128756
1	14128757	14507739
1	14507740	14960563
1	14960564	15310472
1	15310473	15570386
1	15570387	16413291
1	16413292	17029987
1	17029988	17675889
1	17675890	18105728
1	18105729	18487906
1	18487907	18766850
1	18766851	19049615
1	19049616	19243589
1	19243590	20139463
1	20139464	20469854
1	20469855	20996757
1	20996758	22004400
1	22004401	22738432
1	22738433	23209562
1	23209563	24423609
1	24423610	25224010
1	25224011	25908241
1	25908242	27366975
1	27366976	29180014
1	29180015	30148454
1	30148455	30608803
1	30608804	31116388
1	31116389	31639120
1	31639121	33066299
1	33066300	34220381
1	34220382	34540668
1	34540669	35040991
1	35040992	35635453
1	35635454	37078925
1	37078926	37425875
1	37425876	38197629
1	38197630	38732247
1	38732248	39145914
1	39145915	40164332
1	40164333	40935881
1	40935882	41850182
1	41850183	43366503
1	43366504	44587132
1	44587133	45934562
1	45934563	47744414
1	47744415	48482986
1	48482987	49331291
1	49331292	53632424
1	53632425	54035689
1	54035690	54770424
1	54770425	55243590
1	55243591	55723817
1	55723818	56895392
1	56895393	57278096
1	57278097	57958234
1	57958235	58686286
1	58686287	59346222
1	59346223	59986885
1	59986886	61259236
1	61259237	61756642
1	61756643	62126948
1	62126949	62773907
1	62773908	63457670
1	63457671	64102590
1	64102591	64555327
1	64555328	65151660
1	65151661	66140396
1	66140397	67255744
1	67255745	68093218
1	68093219	68664755
1	68664756	69831270
1	69831271	70990955
1	70990956	72557973
1	72557974	75015939
1	75015940	76553932
1	76553933	77189064
1	77189065	78292918
1	78292919	79663267
1	79663268	81159163
1	81159164	81867055
1	81867056	82563290
1	82563291	83468139
1	83468140	84745992
1	84745993	85392324
1	85392325	86455163
1	86455164	87654606
1	87654607	88036573
1	88036574	88604157
1	88604158	89780526
1	89780527	90600240
1	90600241	91529589
1	91529590	92241033
1	92241034	94479725
1	94479726	95198932
1	95198933	96150397
1	96150398	97725679
1	97725680	98799737
1	98799738	99800131
1	99800132	101196787
1	101196788	102040519
1	102040520	102745639
1	102745640	104985647
1	104985648	106457397
1	106457398	107488772
1	107488773	107931160
1	107931161	108647547
1	108647548	109813719
1	109813720	110347233
1	110347234	110770223
1	110770224	111236208
1	111236209	112068174
1	112068175	112688366
1	112688367	113412089
1	113412090	114663021
1	114663022	115655358
1	115655359	116205021
1	116205022	117032630
1	117032631	117723631
1	117723632	118985435
1	118985436	120346162
1	120346163	144479599
1	144479600	145159810
1	145159811	146118327
1	146118328	147164309
1	147164310	148556529
1	148556530	149779893
1	149779894	151832901
1	151832902	153328884
1	153328885	154695678
1	154695679	155022860
1	155022861	156662759
1	156662760	157154186
1	157154187	157976566
1	157976567	158726803
1	158726804	159582354
1	159582355	159912346
1	159912347	160470686
1	160470687	161274311
1	161274312	162152056
1	162152057	162959779
1	162959780	163579688
1	163579689	164479853
1	164479854	164659008
1	164659009	165191702
1	165191703	165825166
1	165825167	166730775
1	166730776	167471328
1	167471329	167650607
1	167650608	168405235
1	168405236	169009788
1	169009789	170064612
1	170064613	171223015
1	171223016	172463995
1	172463996	173465265
1	173465266	175528957
1	175528958	176440645
1	176440646	177651228
1	177651229	178661629
1	178661630	180187882
1	180187883	181118234
1	181118235	181528408
1	181528409	182549019
1	182549020	183842242
1	183842243	184957239
1	184957240	186175300
1	186175301	187438634
1	187438635	188757435
1	188757436	190108881
1	190108882	192547052
1	192547053	193574615
1	193574616	195567234
1	195567235	197165712
1	197165713	198595099
1	198595100	200065215
1	200065216	200865768
1	200865769	201386311
1	201386312	201719335
1	201719336	202293179
1	202293180	203269115
1	203269116	203640152
1	203640153	204175883
1	204175884	204870988
1	204870989	205438437
1	205438438	206544117
1	206544118	207288521
1	207288522	208195516
1	208195517	208807013
1	208807014	209581483
1	209581484	209835945
1	209835946	210887739
1	210887740	212097891
1	212097892	213527588
1	213527589	213864971
1	213864972	214575449
1	214575450	215333812
1	215333813	216245033
1	216245034	216942488
1	216942489	217507839
1	217507840	218387236
1	218387237	219056625
1	219056626	220531792
1	220531793	221858273
1	221858274	222926678
1	222926679	223856751
1	223856752	225610492
1	225610493	226845724
1	226845725	229042787
1	229042788	229475610
1	229475611	230274414
1	230274415	230775683
1	230775684	231711489
1	231711490	232312344
1	232312345	232688592
1	232688593	233196079
1	233196080	233751755
1	233751756	234329435
1	234329436	234600603
1	234600604	234931575
1	234931576	235713453
1	235713454	236292860
1	236292861	236681306
1	236681307	237131705
1	237131706	237271632
1	237271633	237646499
1	237646500	238106392
1	238106393	238726425
1	238726426	239530742
1	239530743	240063366
1	240063367	240563367
1	240563368	240752052
1	240752053	241095576
1	241095577	241465131
1	241465132	241767708
1	241767709	242088336
1	242088337	242656745
1	242656746	243093303
1	243093304	244241949
1	244241950	244459922
1	244459923	244924975
1	244924976	245112520
1	245112521	245373614
1	245373615	245703284
1	245703285	246058909
1	246058910	247140776
1	247140777	247846258
1	247846259	248731762
1	248731763	536870911
2	1	654281
2	654282	1623765
2	1623766	2231927
2	2231928	2596253
2	2596254	2942896
2	2942897	3683651
2	3683652	4147979
2	4147980	4476426
2	4476427	4991858
2	4991859	5528414
2	5528415	5815290
2	5815291	6363474
2	6363475	6836917
2	6836918	7107455
2	7107456	7810042
2	7810043	8098806
2	8098807	8423057
2	8423058	8684493
2	8684494	9327001
2	9327002	9907086
2	9907087	10241915
2	10241916	10532808
2	10532809	10991505
2	10991506	11108323
2	11108324	11651307
2	11651308	11950342
2	11950343	12420336
2	12420337	13069079
2	13069080	14060528
2	14060529	15053835
2	15053836	15891558
2	15891559	16187988
2	16187989	16578951
2	16578952	17243243
2	17243244	18392931
2	18392932	19182076
2	19182077	20059323
2	20059324	20701979
2	20701980	20988399
2	20988400	21926695
2	21926696	23166176
2	23166177	23704874
2	23704875	25239348
2	25239349	26741298
2	26741299	28599765
2	28599766	29247845
2	29247846	29808502
2	29808503	30462979
2	30462980	30982482
2	30982483	31351249
2	31351250	33035529
2	33035530	33666456
2	33666457	34036317
2	34036318	34815328
2	34815329	35936932
2	35936933	36683997
2	36683998	37375540
2	37375541	37960613
2	37960614	38427540
2	38427541	39863386
2	39863387	40626646
2	40626647	42004502
2	42004503	42949616
2	42949617	43447595
2	43447596	44475174
2	44475175	45322349
2	45322350	45858708
2	45858709	46127318
2	46127319	46518894
2	46518895	47251125
2	47251126	47805801
2	47805802	49009415
2	49009416	50022788
2	50022789	51450802
2	51450803	52938976
2	52938977	53635266
2	53635267	54684557
2	54684558	56266397
2	56266398	57692008
2	57692009	59273651
2	59273652	60495717
2	60495718	62430208
2	62430209	64627342
2	64627343	65097211
2	65097212	65806072
2	65806073	66723699
2	66723700	67227122
2	67227123	68010475
2	68010476	68661542
2	68661543	69296510
2	69296511	70753964
2	70753965	71202413
2	71202414	71865177
2	71865178	73122181
2	73122182	74122223
2	74122224	75073582
2	75073583	75492442
2	75492443	76619122
2	76619123	77381601
2	77381602	77921422
2	77921423	79182937
2	79182938	79855622
2	79855623	80197462
2	80197463	80804284
2	80804285	83604897
2	83604898	85140165
2	85140166	85978786
2	85978787	87800000
2	87800001	88232300
2	88232301	89154757
2	89154758	91788738
2	91788739	100199134
2	100199135	101552901
2	101552902	102966790
2	102966791	104569957
2	104569958	105366165
2	105366166	106071344
2	106071345	106652905
2	106652906	107781838
2	107781839	108930930
2	108930931	110258754
2	110258755	111904370
2	111904371	112422223
2	112422224	113694145
2	113694146	114851190
2	114851191	115752286
2	115752287	117822101
2	117822102	119106057
2	119106058	120031698
2	120031699	121186728
2	121186729	121483785
2	121483786	121853738
2	121853739	122588385
2	122588386	123771075
2	123771076	125341805
2	125341806	127398038
2	127398039	127843489
2	127843490	129172944
2	129172945	129542173
2	129542174	130527538
2	130527539	131733404
2	131733405	132923879
2	132923880	133389903
2	133389904	133952040
2	133952041	134624276
2	134624277	135214570
2	135214571	137041366
2	137041367	138053536
2	138053537	139061526
2	139061527	140652285
2	140652286	141803602
2	141803603	142636020
2	142636021	143893576
2	143893577	144690405
2	144690406	146312315
2	146312316	148175799
2	148175800	149591801
2	149591802	151190677
2	151190678	151715774
2	151715775	153198846
2	153198847	154341733
2	154341734	155391005
2	155391006	157558583
2	157558584	158410196
2	158410197	158889228
2	158889229	160056914
2	160056915	162960873
2	162960874	164377868
2	164377869	165557557
2	165557558	167124221
2	167124222	168439658
2	168439659	169211068
2	169211069	169967174
2	169967175	170618240
2	170618241	171224632
2	171224633	171527966
2	171527967	172932784
2	172932785	173589876
2	173589877	174249151
2	174249152	174490875
2	174490876	175371710
2	175371711	176736761
2	176736762	177363636
2	177363637	178148288
2	178148289	180202460
2	180202461	180663444
2	180663445	181811957
2	181811958	183166635
2	183166636	184442530
2	184442531	187686062
2	187686063	190358807
2	190358808	191873553
2	191873554	192429694
2	192429695	192865778
2	192865779	194155803
2	194155804	195785764
2	195785765	197139682
2	197139683	198954774
2	198954775	200201112
2	200201113	202503225
2	202503226	204445827
2	204445828	205146040
2	205146041	206048646
2	206048647	206494560
2	206494561	206797745
2	206797746	207840332
2	207840333	208678403
2	208678404	209748709
2	209748710	211653368
2	211653369	212412738
2	212412739	213041418
2	213041419	213762866
2	213762867	215572511
2	215572512	216449837
2	216449838	216859743
2	216859744	217512557
2	217512558	217942715
2	217942716	218664633
2	218664634	219050791
2	219050792	220334821
2	220334822	220776816
2	220776817	221447556
2	221447557	222030838
2	222030839	222681528
2	222681529	223351343
2	223351344	224004936
2	224004937	224858750
2	224858751	225987420
2	225987421	226859021
2	226859022	227666857
2	227666858	228289783
2	228289784	228638684
2	228638685	229592304
2	229592305	230283310
2	230283311	230903875
2	230903876	231532405
2	231532406	231896979
2	231896980	232795753
2	232795754	233805812
2	233805813	234142691
2	234142692	234942723
2	234942724	235248741
2	235248742	235513218
2	235513219	235805573
2	235805574	236044839
2	236044840	236471151
2	236471152	237011416
2	237011417	237573900
2	237573901	238208745
2	238208746	238503050
2	238503051	239053436
2	239053437	239901835
2	239901836	240327863
2	240327864	240627052
2	240627053	240971450
2	240971451	241382083
2	241382084	241954084
2	241954085	242980063
2	243090998	536870911
3	1	676504
3	676505	1299185
3	1299186	1659646
3	1659647	2157717
3	2157718	2615203
3	2615204	2863279
3	2863280	3046754
3	3046755	3165907
3	3165908	3558736
3	3558737	3844289
3	3844290	4608360
3	4608361	4842231
3	4842232	5078393
3	5078394	5411891
3	5411892	5740146
3	5740147	6136434
3	6136435	6725002
3	6725003	7006880
3	7006881	7509715
3	7509716	7990995
3	7990996	8645740
3	8645741	8766421
3	8766422	9160213
3	9160214	9617634
3	9617635	10379447
3	10379448	10780904
3	10780905	11075745
3	11075746	11809955
3	11809956	12859500
3	12859501	13217582
3	13217583	13661047
3	13661048	14447973
3	14447974	14666117
3	14666118	15341601
3	15341602	16474332
3	16474333	17219137
3	17219138	18928109
3	18928110	19980327
3	19980328	20957097
3	20957098	21783992
3	21783993	22154424
3	22154425	22915941
3	22915942	23803541
3	23803542	24495468
3	24495469	24878349
3	24878350	25509351
3	25509352	26544115
3	26544116	27037728
3	27037729	28052328
3	28052329	29141696
3	29141697	29411623
3	29411624	29961937
3	29961938	30566719
3	30566720	31275342
3	31275343	31933750
3	31933751	32372396
3	32372397	33254042
3	33254043	34814647
3	34814648	36411419
3	36411420	37603667
3	37603668	38724849
3	38724850	39739975
3	39739976	41021263
3	41021264	42415966
3	42415967	43801941
3	43801942	45130158
3	45130159	45821111
3	45821112	51824167
3	51824168	53634426
3	53634427	54378600
3	54378601	54884310
3	54884311	55615260
3	55615261	56525277
3	56525278	58155230
3	58155231	59353090
3	59353091	59775456
3	59775457	60141414
3	60141415	60481459
3	60481460	61040175
3	61040176	61727718
3	61727719	62406217
3	62406218	62675552
3	62675553	63437416
3	63437417	64116376
3	64116377	64479767
3	64479768	65153760
3	65153761	65723402
3	65723403	66576922
3	66576923	67297481
3	67297482	67894662
3	67894663	68977647
3	68977648	69641296
3	69641297	70598194
3	70598195	71432501
3	71432502	71744099
3	71744100	72207174
3	72207175	72528338
3	72528339	72891085
3	72891086	73468527
3	73468528	73986720
3	73986721	74526216
3	74526217	75700584
3	75700585	76855676
3	76855677	77509454
3	77509455	79024541
3	79024542	82023469
3	82023470	86292618
3	86292619	88726844
3	88726845	96243765
3	96243766	98767766
3	98767767	100592621
3	100592622	101904549
3	101904550	103165552
3	103165553	104354201
3	104354202	105338346
3	105338347	106334134
3	106334135	107074484
3	107074485	108554371
3	108554372	109994377
3	109994378	111237616
3	111237617	112184772
3	112184773	113318748
3	113318749	114132129
3	114132130	115284990
3	115284991	115605955
3	115605956	116453959
3	116453960	117011255
3	117011256	117822894
3	117822895	119101375
3	119101376	120340165
3	120340166	122289369
3	122289370	122857849
3	122857850	123460513
3	123460514	124679034
3	124679035	125128677
3	125128678	126215694
3	126215695	127155708
3	127155709	128184416
3	128184417	129750377
3	129750378	131242864
3	131242865	132059280
3	132059281	133226149
3	133226150	133709523
3	133709524	134540410
3	134540411	135288025
3	135288026	137442186
3	137442187	139032333
3	139032334	139889396
3	139889397	140766806
3	140766807	141408287
3	141408288	142647647
3	142647648	143166042
3	143166043	143973097
3	143973098	145352404
3	145352405	146381657
3	146381658	147494219
3	147494220	148344572
3	148344573	148968121
3	148968122	149308576
3	149308577	150056927
3	150056928	150668987
3	150668988	151904190
3	151904191	153060454
3	153060455	154482068
3	154482069	155045430
3	155045431	156351846
3	156351847	158614163
3	158614164	159611291
3	159611292	161625084
3	161625085	164955741
3	164955742	167117143
3	167117144	168269756
3	168269757	169039385
3	169039386	170169620
3	170169621	171041055
3	171041056	171563717
3	171563718	171888455
3	171888456	172374119
3	172374120	172973618
3	172973619	173466014
3	173466015	174418262
3	174418263	174992869
3	174992870	175509680
3	175509681	176270078
3	176270079	176968359
3	176968360	177531847
3	177531848	179019705
3	179019706	179794715
3	179794716	181558759
3	181558760	182314029
3	182314030	183098648
3	183098649	183771386
3	183771387	184312106
3	184312107	184876706
3	184876707	185848173
3	185848174	186079990
3	186079991	186460385
3	186460386	186784230
3	186784231	187221936
3	187221937	187802669
3	187802670	188201380
3	188201381	188448320
3	188448321	188850633
3	188850634	189225193
3	189225194	189559757
3	189559758	190228348
3	190228349	190583269
3	190583270	191142545
3	191142546	192050480
3	192050481	192334883
3	192334884	192812473
3	192812474	193591466
3	193591467	193821218
3	193821219	193963483
3	193963484	194264795
3	194264796	194704482
3	194704483	195399075
3	195399076	196322359
3	196322360	196728580
3	196728581	197303737
3	197303738	536870911
4	1	843508
4	843509	1859056
4	1859057	3383674
4	3383675	3703725
4	3703726	4104661
4	4104662	4570005
4	4570006	5011995
4	5011996	5232548
4	5232549	5682811
4	5682812	5944519
4	5944520	6140737
4	6140738	6346602
4	6346603	6551475
4	6551476	6895875
4	6895876	7209027
4	7209028	7366947
4	7366948	7537142
4	7537143	7740470
4	7740471	8128224
4	8128225	8367799
4	8367800	9607133
4	9607134	11050571
4	11050572	11586641
4	11586642	12893993
4	12893994	13787277
4	13787278	14271420
4	14271421	14858392
4	14858393	15914006
4	15914007	16519719
4	16519720	16885800
4	16885801	17510236
4	17510237	18841225
4	18841226	20484876
4	20484877	21335363
4	21335364	22395954
4	22395955	23447435
4	23447436	24134520
4	24134521	24651195
4	24651196	25029817
4	25029818	25603932
4	25603933	25868887
4	25868888	26183614
4	26183615	27056357
4	27056358	27668207
4	27668208	28872833
4	28872834	29772933
4	29772934	30454312
4	30454313	31403330
4	31403331	32592691
4	32592692	33388353
4	33388354	35151237
4	35151238	36021104
4	36021105	37256470
4	37256471	37758827
4	37758828	38238718
4	38238719	38908038
4	38908039	39803506
4	39803507	40432406
4	40432407	40726020
4	40726021	41371330
4	41371331	41826336
4	41826337	42904919
4	42904920	45187345
4	45187346	47544598
4	47544599	54382119
4	54382120	55167287
4	55167288	55751945
4	55751946	56089259
4	56089260	57103047
4	57103048	57503077
4	57503078	58013351
4	58013352	58934813
4	58934814	60741389
4	60741390	61873612
4	61873613	62754320
4	62754321	64119406
4	64119407	65819506
4	65819507	67129353
4	67129354	68472604
4	68472605	70725821
4	70725822	72015456
4	72015457	73179310
4	73179311	75197415
4	75197416	75983487
4	75983488	77132557
4	77132558	77866648
4	77866649	78624604
4	78624605	79882723
4	79882724	81060836
4	81060837	82339023
4	82339024	83085123
4	83085124	83943690
4	83943691	84273025
4	84273026	84800475
4	84800476	86307009
4	86307010	87182910
4	87182911	89029252
4	89029253	89742764
4	89742765	90499545
4	90499546	91926375
4	91926376	94231375
4	94231376	95596188
4	95596189	96213821
4	96213822	96732967
4	96732968	98257605
4	98257606	100322786
4	100322787	101251555
4	101251556	102606843
4	102606844	104380632
4	104380633	105517973
4	105517974	107299415
4	107299416	108606943
4	108606944	109657931
4	109657932	110660498
4	110660499	111324679
4	111324680	112021746
4	112021747	113346665
4	113346666	114068787
4	114068788	114682714
4	114682715	115666436
4	115666437	117560749
4	117560750	118939953
4	118939954	121393821
4	121393822	122235397
4	122235398	123557286
4	123557287	124628029
4	124628030	126164491
4	126164492	127237857
4	127237858	129467781
4	129467782	130129275
4	130129276	131282974
4	131282975	132956813
4	132956814	134342219
4	134342220	135838818
4	135838819	137405240
4	137405241	137989536
4	137989537	139195802
4	139195803	139612339
4	139612340	140517700
4	140517701	140976736
4	140976737	141563992
4	141563993	142212316
4	142212317	143442396
4	143442397	145227880
4	145227881	146824778
4	146824779	148229316
4	148229317	149138636
4	149138637	150682852
4	150682853	153032049
4	153032050	153586001
4	153586002	154015564
4	154015565	154546103
4	154546104	155432172
4	155432173	156129182
4	156129183	156745915
4	156745916	157486220
4	157486221	158742582
4	158742583	160375940
4	160375941	161423668
4	161423669	162503865
4	162503866	163414028
4	163414029	164256735
4	164256736	165222102
4	165222103	165764699
4	165764700	166593706
4	166593707	167644384
4	167644385	168620546
4	168620547	169569516
4	169569517	169986809
4	169986810	171209592
4	171209593	172612801
4	172612802	173803914
4	173803915	174626012
4	174626013	175097435
4	175097436	175817864
4	175817865	176669806
4	176669807	177293882
4	177293883	177891168
4	177891169	178296647
4	178296648	178991775
4	178991776	179549696
4	179549697	180248891
4	180248892	180962285
4	180962286	181361180
4	181361181	181826838
4	181826839	182288767
4	182288768	182732161
4	182732162	183124733
4	183124734	183472582
4	183472583	183761970
4	183761971	184311757
4	184311758	184572686
4	184572687	184849456
4	184849457	185203591
4	185203592	185514430
4	185514431	185935856
4	185935857	186390142
4	186390143	186594332
4	186594333	186908343
4	186908344	187235877
4	187235878	187679355
4	187679356	187984310
4	187984311	188690482
4	188690483	189025972
4	189025973	189523204
4	189523205	189912144
4	189912145	190499230
4	190499231	190641806
4	190641807	536870911
5	1	981019
5	981020	1391161
5	1391162	1771032
5	1771033	2135268
5	2135269	2400566
5	2400567	2669057
5	2669058	2981040
5	2981041	3205018
5	3205019	3615086
5	3615087	3895815
5	3895816	4399383
5	4399384	4674868
5	4674869	5139550
5	5139551	5405699
5	5405700	5799292
5	5799293	6320497
5	6320498	6859077
5	6859078	7487961
5	7487962	8073378
5	8073379	8586827
5	8586828	9205382
5	9205383	9717016
5	9717017	10037446
5	10037447	10533767
5	10533768	10795348
5	10795349	11303908
5	11303909	11848871
5	11848872	13737700
5	13737701	14375908
5	14375909	14908578
5	14908579	16286973
5	16286974	16759657
5	16759658	17092491
5	17092492	17724802
5	17724803	18657719
5	18657720	19541690
5	19541691	21573686
5	21573687	22812893
5	22812894	24012540
5	24012541	24862568
5	24862569	26187322
5	26187323	26966363
5	26966364	28306127
5	28306128	29715275
5	29715276	30940316
5	30940317	31391406
5	31391407	31750328
5	31750329	31919875
5	31919876	32454038
5	32454039	32989116
5	32989117	33675395
5	33675396	34566488
5	34566489	35047845
5	35047846	36180787
5	36180788	36668382
5	36668383	38047500
5	38047501	38466000
5	38466001	38925370
5	38925371	40287729
5	40287730	42918296
5	42918297	51428358
5	51428359	52661688
5	52661689	53702093
5	53702094	54250642
5	54250643	55445044
5	55445045	55920862
5	55920863	56730383
5	56730384	57722340
5	57722341	58721649
5	58721650	60935451
5	60935452	62532892
5	62532893	64776811
5	64776812	65910316
5	65910317	66278398
5	66278399	67223948
5	67223949	67737628
5	67737629	69478974
5	69478975	71241513
5	71241514	72464994
5	72464995	73202480
5	73202481	73516925
5	73516926	73947979
5	73947980	75242395
5	75242396	75745079
5	75745080	76142020
5	76142021	76509129
5	76509130	77223246
5	77223247	78061140
5	78061141	78859573
5	78859574	79392941
5	79392942	80365315
5	80365316	81179142
5	81179143	82154098
5	82154099	82955664
5	82955665	83509108
5	83509109	84444333
5	84444334	87017336
5	87017337	89005227
5	89005228	90483225
5	90483226	92082627
5	92082628	94197884
5	94197885	95144746
5	95144747	96373750
5	96373751	97316983
5	97316984	99940696
5	99940697	102854021
5	102854022	103545551
5	103545552	105795436
5	105795437	106800582
5	106800583	107263596
5	107263597	108638960
5	108638961	109608640
5	109608641	110896405
5	110896406	112302521
5	112302522	113603768
5	113603769	114831239
5	114831240	115827945
5	115827946	116188453
5	116188454	116539975
5	116539976	117598341
5	117598342	118977596
5	118977597	119982718
5	119982719	121189496
5	121189497	122002653
5	122002654	123240907
5	123240908	123902174
5	123902175	124490443
5	124490444	125125024
5	125125025	125866090
5	125866091	126940058
5	126940059	128506589
5	128506590	131811182
5	131811183	132665524
5	132665525	133089166
5	133089167	134380531
5	134380532	134892405
5	134892406	135858886
5	135858887	137950183
5	137950184	139408104
5	139408105	141142760
5	141142761	141417287
5	141417288	142022248
5	142022249	142462016
5	142462017	143015669
5	143015670	144695990
5	144695991	145318646
5	145318647	146434800
5	146434801	147181099
5	147181100	147865059
5	147865060	148660697
5	148660698	149080020
5	149080021	149487941
5	149487942	149991248
5	149991249	150564365
5	150564366	151058179
5	151058180	152867311
5	152867312	153797880
5	153797881	154772224
5	154772225	156145119
5	156145120	157530478
5	157530479	158826310
5	158826311	159292703
5	159292704	159868247
5	159868248	160910659
5	160910660	162091051
5	162091052	163124910
5	163124911	163803300
5	163803301	165027752
5	165027753	165524933
5	165524934	166289264
5	166289265	166848596
5	166848597	167269862
5	167269863	167767862
5	167767863	168283845
5	168283846	168620924
5	168620925	169351134
5	169351135	169708691
5	169708692	169949462
5	169949463	170902675
5	170902676	171174351
5	171174352	171578654
5	171578655	172129781
5	172129782	172678983
5	172678984	172864791
5	172864792	173187318
5	173187319	173736500
5	173736501	174063631
5	174063632	174429248
5	174429249	174684808
5	174684809	175003537
5	175003538	175329033
5	175329034	176235075
5	176235076	177180958
5	177180959	177686995
5	177686996	178089232
5	178089233	178615162
5	178615163	178737752
5	178737753	179400847
5	179400848	180015468
5	180015469	180314337
5	180314338	536870911
6	1	380089
6	380090	826851
6	826852	1135502
6	1135503	1385286
6	1385287	1593646
6	1593647	1987913
6	1987914	2700022
6	2700023	3072951
6	3072952	3415302
6	3415303	3857624
6	3857625	4315210
6	4315211	4711659
6	4711660	5095147
6	5095148	5643835
6	5643836	5974539
6	5974540	6350381
6	6350382	6784284
6	6784285	6957603
6	6957604	7678155
6	7678156	8258231
6	8258232	9020424
6	9020425	9953899
6	9953900	10380456
6	10380457	10906256
6	10906257	11355374
6	11355375	11908546
6	11908547	12366819
6	12366820	12926726
6	12926727	13755585
6	13755586	14353378
6	14353379	14802687
6	14802688	15998368
6	15998369	16493863
6	16493864	16920208
6	16920209	17759737
6	17759738	19450017
6	19450018	19827421
6	19827422	20205652
6	20205653	21166705
6	21166706	21684936
6	21684937	22154000
6	22154001	22748186
6	22748187	23380026
6	23380027	23659465
6	23659466	24185739
6	24185740	25030326
6	25030327	26260070
6	26260071	29859517
6	29859518	31343100
6	31343101	32804570
6	32804571	33645457
6	33645458	34034441
6	34034442	35755658
6	35755659	36756422
6	36756423	37170472
6	37170473	37708709
6	37708710	39022698
6	39022699	39720765
6	39720766	40431779
6	40431780	41169679
6	41169680	41480183
6	41480184	41994569
6	41994570	42237463
6	42237464	42822604
6	42822605	43783339
6	43783340	43960263
6	43960264	44421240
6	44421241	45520030
6	45520031	46028186
6	46028187	47000521
6	47000522	48280842
6	48280843	50622850
6	50622851	52209988
6	52209989	52828213
6	52828214	53456682
6	53456683	54624647
6	54624648	56203840
6	56203841	63914554
6	63914555	66256153
6	66256154	67556820
6	67556821	69075243
6	69075244	70745978
6	70745979	71752702
6	71752703	73325585
6	73325586	74056155
6	74056156	75845113
6	75845114	77529293
6	77529294	79862848
6	79862849	81402742
6	81402743	83219541
6	83219542	85034839
6	85034840	87067181
6	87067182	88552836
6	88552837	88946793
6	88946794	90018388
6	90018389	90814199
6	90814200	91520858
6	91520859	92014849
6	92014850	93429548
6	93429549	94677085
6	94677086	96085584
6	96085585	97541325
6	97541326	99218276
6	99218277	100591429
6	100591430	101864110
6	101864111	102638299
6	102638300	104213975
6	104213976	105552470
6	105552471	106122868
6	106122869	106410972
6	106410973	107179622
6	107179623	107510072
6	107510073	108332377
6	108332378	109078539
6	109078540	110305764
6	110305765	111393061
6	111393062	112660334
6	112660335	114220349
6	114220350	116313416
6	116313417	118116823
6	118116824	120336680
6	120336681	121906297
6	121906298	123196340
6	123196341	124098436
6	124098437	124596951
6	124596952	125209686
6	125209687	125713969
6	125713970	127542953
6	127542954	129301907
6	129301908	130054162
6	130054163	130827482
6	130827483	131800012
6	131800013	132644035
6	132644036	133079994
6	133079995	134314963
6	134314964	134568921
6	134568922	135272356
6	135272357	136506360
6	136506361	137306056
6	137306057	137873690
6	137873691	138544107
6	138544108	139131996
6	139131997	139645295
6	139645296	140251033
6	140251034	142868502
6	142868503	143725397
6	143725398	144510926
6	144510927	145319707
6	145319708	147020609
6	147020610	147998222
6	147998223	148772667
6	148772668	149112190
6	149112191	149802179
6	149802180	150637477
6	150637478	151135576
6	151135577	151472251
6	151472252	152007961
6	152007962	152536374
6	152536375	153349446
6	153349447	153901571
6	153901572	154705702
6	154705703	155253299
6	155253300	155515255
6	155515256	156161092
6	156161093	156761338
6	156761339	157443699
6	157443700	158217790
6	158217791	159515206
6	159515207	159986920
6	159986921	161365629
6	161365630	161794839
6	161794840	162092964
6	162092965	162447251
6	162447252	162932464
6	162932465	163735024
6	163735025	164359610
6	164359611	164688107
6	164688108	165319631
6	165319632	165840611
6	165840612	166193932
6	166193933	166677623
6	166677624	166874868
6	166874869	167179971
6	167179972	167713792
6	167713793	168490016
6	168490017	168911020
6	168911021	169555929
6	169555930	170211784
6	170211785	536870911
7	1	985324
7	985325	1598314
7	1598315	2480729
7	2480730	2931236
7	2931237	3196435
7	3196436	4226870
7	4226871	4573641
7	4573642	4946877
7	4946878	5414602
7	5414603	5949371
7	5949372	6888207
7	6888208	7313485
7	7313486	7810552
7	7810553	8176595
7	8176596	8330721
7	8330722	8788531
7	8788532	9122800
7	9122801	9654085
7	9654086	10354549
7	10354550	11392604
7	11392605	11854879
7	11854880	12708998
7	12708999	13578829
7	13578830	13884489
7	13884490	14249811
7	14249812	14716747
7	14716748	15225539
7	15225540	15883021
7	15883022	16735586
7	16735587	17279294
7	17279295	17811033
7	17811034	18933520
7	18933521	19130644
7	19130645	19852843
7	19852844	20482907
7	20482908	21071400
7	21071401	21730647
7	21730648	22151968
7	22151969	22708784
7	22708785	23935130
7	23935131	24586188
7	24586189	25338904
7	25338905	25908234
7	25908235	26657962
7	26657963	28041473
7	28041474	28552377
7	28552378	28939870
7	28939871	29419095
7	29419096	30429268
7	30429269	30945927
7	30945928	31312470
7	31312471	31892956
7	31892957	32459422
7	32459423	33817901
7	33817902	34697982
7	34697983	35982716
7	35982717	36547889
7	36547890	37127838
7	37127839	37499926
7	37499927	38166719
7	38166720	38965611
7	38965612	40758200
7	40758201	41134926
7	41134927	41976161
7	41976162	42496317
7	42496318	43446761
7	43446762	44752100
7	44752101	45522554
7	45522555	46608089
7	46608090	47336895
7	47336896	47921282
7	47921283	49286002
7	49286003	50364034
7	50364035	51297778
7	51297779	52276667
7	52276668	53305193
7	53305194	55101592
7	55101593	55764744
7	55764745	62561285
7	62561286	67237875
7	67237876	67946524
7	67946525	68697561
7	68697562	70217218
7	70217219	70829782
7	70829783	71874641
7	71874642	73379285
7	73379286	73996508
7	73996509	75243250
7	75243251	76493583
7	76493584	77663180
7	77663181	78092725
7	78092726	78461811
7	78461812	79347341
7	79347342	80335124
7	80335125	80832143
7	80832144	81713692
7	81713693	82373206
7	82373207	83422832
7	83422833	85181508
7	85181509	87573647
7	87573648	88961252
7	88961253	90660684
7	90660685	91183628
7	91183629	92680785
7	92680786	93528326
7	93528327	94058395
7	94058396	95559709
7	95559710	96614137
7	96614138	97448726
7	97448727	98163939
7	98163940	99365083
7	99365084	101197408
7	101197409	102503901
7	102503902	103580800
7	103580801	105112489
7	105112490	105576557
7	105576558	105951720
7	105951721	106457975
7	106457976	107475208
7	107475209	108259710
7	108259711	109646980
7	109646981	110484338
7	110484339	111786836
7	111786837	113337963
7	113337964	114923115
7	114923116	116312986
7	116312987	117714920
7	117714921	120869464
7	120869465	121949318
7	121949319	124155859
7	124155860	126106556
7	126106557	127908981
7	127908982	128789439
7	128789440	130078242
7	130078243	130727562
7	130727563	131269208
7	131269209	131634161
7	131634162	132182674
7	132182675	134306672
7	134306673	135447825
7	135447826	135867830
7	135867831	136988804
7	136988805	137677804
7	137677805	138091651
7	138091652	138457406
7	138457407	139138551
7	139138552	139355090
7	139355091	139964597
7	139964598	140913710
7	140913711	141728492
7	141728493	142835239
7	142835240	143740218
7	143740219	144465912
7	144465913	146018571
7	146018572	146793235
7	146793236	147419683
7	147419684	147926237
7	147926238	148358111
7	148358112	149094701
7	149094702	149726310
7	149726311	150201105
7	150201106	150891641
7	150891642	151123941
7	151123942	151475228
7	151475229	151628772
7	151628773	152411004
7	152411005	152703396
7	152703397	152996674
7	152996675	153500569
7	153500570	153744064
7	153744065	154070452
7	154070453	154411579
7	154411580	154622240
7	154622241	155027664
7	155027665	155225289
7	155225290	155594294
7	155594295	155780359
7	155780360	156064689
7	156064690	156471148
7	156471149	157412024
7	157412025	157691729
7	157691730	158164509
7	158164510	159125560
7	159125561	536870911
8	1	815220
8	815221	1319724
8	1319725	1822267
8	1822268	2015119
8	2015120	2376118
8	2376119	2784418
8	2784419	3035053
8	3035054	3421505
8	3421506	3706150
8	3706151	4045606
8	4045607	4274957
8	4274958	4490277
8	4490278	4891253
8	4891254	5460755
8	5460756	5781559
8	5781560	6144917
8	6144918	6468852
8	6468853	6731398
8	6731399	8069131
8	8069132	8771402
8	8771403	9386210
8	9386211	10485822
8	10485823	11087475
8	11087476	11468586
8	11468587	11942598
8	11942599	12315762
8	12315763	12714348
8	12714349	13106308
8	13106309	13716524
8	13716525	14452537
8	14452538	15274318
8	15274319	15931461
8	15931462	16634424
8	16634425	16988564
8	16988565	17389184
8	17389185	17764358
8	17764359	18429782
8	18429783	18801163
8	18801164	19106346
8	19106347	19809479
8	19809480	20189399
8	20189400	20875901
8	20875902	21404381
8	21404382	21898473
8	21898474	22420996
8	22420997	22818539
8	22818540	23392733
8	23392734	24207438
8	24207439	25072170
8	25072171	25565968
8	25565969	26075444
8	26075445	26899943
8	26899944	27832166
8	27832167	28313280
8	28313281	29254901
8	29254902	29642891
8	29642892	30170861
8	30170862	31135250
8	31135251	32696905
8	32696906	35534138
8	35534139	37181864
8	37181865	37762406
8	37762407	38777146
8	38777147	40053939
8	40053940	40703367
8	40703368	41630702
8	41630703	47875389
8	47875390	52524351
8	52524352	53299639
8	53299640	54393891
8	54393892	55511259
8	55511260	56800997
8	56800998	58197150
8	58197151	59047312
8	59047313	59730059
8	59730060	60471826
8	60471827	62003453
8	62003454	62901250
8	62901251	65434288
8	65434289	66961116
8	66961117	68679248
8	68679249	69384598
8	69384599	70006121
8	70006122	70480934
8	70480935	70941006
8	70941007	72242022
8	72242023	72702271
8	72702272	73242883
8	73242884	73817403
8	73817404	74487451
8	74487452	75838737
8	75838738	77697692
8	77697693	79752125
8	79752126	81090148
8	81090149	82016119
8	82016120	83430763
8	83430764	85150978
8	85150979	87978544
8	87978545	90024331
8	90024332	92354921
8	92354922	93555181
8	93555182	94909097
8	94909098	95812058
8	95812059	96534326
8	96534327	97002215
8	97002216	97735490
8	97735491	98871690
8	98871691	99256863
8	99256864	101452935
8	101452936	101858714
8	101858715	102147991
8	102147992	102594609
8	102594610	103515898
8	103515899	103973119
8	103973120	105777161
8	105777162	106722751
8	106722752	108393081
8	108393082	109923344
8	109923345	112550560
8	112550561	116095815
8	116095816	117300251
8	117300252	118181090
8	118181091	119091481
8	119091482	119775587
8	119775588	121555764
8	121555765	122329172
8	122329173	123047409
8	123047410	123779828
8	123779829	124069629
8	124069630	124696222
8	124696223	125039988
8	125039989	125764361
8	125764362	126445544
8	126445545	126863780
8	126863781	127484589
8	127484590	127898374
8	127898375	128467934
8	128467935	128708570
8	128708571	129141856
8	129141857	129805680
8	129805681	130705625
8	130705626	131651727
8	131651728	132534844
8	132534845	133351120
8	133351121	133983048
8	133983049	134465528
8	134465529	134785876
8	134785877	135407843
8	135407844	136034588
8	136034589	136957864
8	136957865	138223933
8	138223934	138931602
8	138931603	139255690
8	139255691	139738868
8	139738869	140093896
8	140093897	140452253
8	140452254	140864967
8	140864968	141483567
8	141483568	142192648
8	142192649	142677886
8	142677887	143139552
8	143139553	143675552
8	143675553	144478004
8	144478005	144976720
8	144976721	536870911
9	1	518103
9	518104	1009139
9	1009140	1197944
9	1197945	1461225
9	1461226	1915483
9	1915484	2117133
9	2117134	2235037
9	2235038	2695208
9	2695209	3183595
9	3183596	3763389
9	3763390	4034589
9	4034590	4380096
9	4380097	4643573
9	4643574	5273896
9	5273897	5876558
9	5876559	6858130
9	6858131	7375169
9	7375170	7787542
9	7787543	8236122
9	8236123	8584312
9	8584313	8919673
9	8919674	9196168
9	9196169	9906906
9	9906907	10438175
9	10438176	10879518
9	10879519	12276668
9	12276669	12924111
9	12924112	13379967
9	13379968	13799299
9	13799300	14248934
9	14248935	14374275
9	14374276	14805695
9	14805696	15205428
9	15205429	16129881
9	16129882	16364100
9	16364101	16987832
9	16987833	17985592
9	17985593	18662292
9	18662293	19169179
9	19169180	19788166
9	19788167	20324848
9	20324849	21417870
9	21417871	22138762
9	22138763	22991667
9	22991668	23546905
9	23546906	24155142
9	24155143	25003295
9	25003296	25631130
9	25631131	25952743
9	25952744	26809022
9	26809023	27369508
9	27369509	27722540
9	27722541	28252086
9	28252087	28880008
9	28880009	30551595
9	30551596	31872905
9	31872906	32738005
9	32738006	33573377
9	33573378	35905761
9	35905762	36741027
9	36741028	37411834
9	37411835	38251684
9	38251685	38567913
9	38567914	69137489
9	69137490	71364351
9	71364352	72512292
9	72512293	73916953
9	73916954	74602736
9	74602737	76203615
9	76203616	77327939
9	77327940	78062857
9	78062858	78502734
9	78502735	78785275
9	78785276	79156992
9	79156993	79545758
9	79545759	80222124
9	80222125	81154665
9	81154666	81721086
9	81721087	82352046
9	82352047	83285498
9	83285499	84211820
9	84211821	84461318
9	84461319	85751659
9	85751660	86183646
9	86183647	87103006
9	87103007	87813561
9	87813562	88721252
9	88721253	89372582
9	89372583	90019633
9	90019634	90363086
9	90363087	91204990
9	91204991	91931818
9	91931819	92685957
9	92685958	93323391
9	93323392	93937806
9	93937807	95578491
9	95578492	96672124
9	96672125	98316331
9	98316332	99064415
9	99064416	100922202
9	100922203	101590318
9	101590319	103140220
9	103140221	104225119
9	104225120	105041263
9	105041264	106489931
9	106489932	107582780
9	107582781	107932428
9	107932429	109154203
9	109154204	109972066
9	109972067	110275986
9	110275987	110637457
9	110637458	111140133
9	111140134	111984614
9	111984615	112604714
9	112604715	113111218
9	113111219	113837222
9	113837223	114917202
9	114917203	115786639
9	115786640	116399824
9	116399825	116736791
9	116736792	117036760
9	117036761	117700710
9	117700711	118747590
9	118747591	119136171
9	119136172	119949832
9	119949833	121009165
9	121009166	121778789
9	121778790	122259593
9	122259594	122676538
9	122676539	124072127
9	124072128	124883035
9	124883036	125333325
9	125333326	126181588
9	126181589	127184629
9	127184630	128843485
9	128843486	129459985
9	129459986	130633010
9	130633011	131553355
9	131553356	132144931
9	132144932	132360176
9	132360177	132944545
9	132944546	133399438
9	133399439	133823473
9	133823474	134168810
9	134168811	134721070
9	134721071	135300917
9	135300918	135866693
9	135866694	136368685
9	136368686	136683756
9	136683757	136993590
9	136993591	137337357
9	137337358	137513958
9	137513959	137747865
9	137747866	138002918
9	138002919	138171361
9	138171362	138381515
9	138381516	138616058
9	138616059	138994591
9	138994592	139515553
9	139515554	140437392
9	140437393	536870911
10	1	1330203
10	1330204	1696510
10	1696511	2104472
10	2104473	2638533
10	2638534	3065401
10	3065402	3229736
10	3229737	3522302
10	3522303	3871807
10	3871808	4301143
10	4301144	4638819
10	4638820	5359140
10	5359141	5650046
10	5650047	6183805
10	6183806	6271291
10	6271292	6620111
10	6620112	6981875
10	6981876	7428268
10	7428269	7654045
10	7654046	8154231
10	8154232	8509762
10	8509763	9038134
10	9038135	10089509
10	10089510	10542217
10	10542218	10995631
10	10995632	11348623
10	11348624	11874754
10	11874755	12436580
10	12436581	12798954
10	12798955	13089860
10	13089861	13407091
10	13407092	13826666
10	13826667	14135803
10	14135804	14642248
10	14642249	15027214
10	15027215	15537108
10	15537109	16066863
10	16066864	16716024
10	16716025	17167141
10	17167142	17813494
10	17813495	18675148
10	18675149	19571941
10	19571942	20504157
10	20504158	21313556
10	21313557	22280664
10	22280665	23656471
10	23656472	24600071
10	24600072	24844308
10	24844309	25824705
10	25824706	26632885
10	26632886	26889823
10	26889824	28534186
10	28534187	29113697
10	29113698	29449253
10	29449254	30000738
10	30000739	30286263
10	30286264	30829425
10	30829426	31480704
10	31480705	33451360
10	33451361	34018693
10	34018694	34399685
10	34399686	36175240
10	36175241	37055827
10	37055828	44114107
10	44114108	45467204
10	45467205	47416908
10	47416909	48369749
10	48369750	49798652
10	49798653	50452008
10	50452009	51785598
10	51785599	53134556
10	53134557	53620668
10	53620669	54333575
10	54333576	54695965
10	54695966	55334166
10	55334167	56324127
10	56324128	57073531
10	57073532	59158985
10	59158986	60376819
10	60376820	61236922
10	61236923	61893077
10	61893078	63124768
10	63124769	64303915
10	64303916	65823446
10	65823447	67114568
10	67114569	68258924
10	68258925	69361992
10	69361993	70989901
10	70989902	71372969
10	71372970	71623444
10	71623445	72113697
10	72113698	72671684
10	72671685	73055965
10	73055966	73344556
10	73344557	75399207
10	75399208	77405410
10	77405411	78165245
10	78165246	79176594
10	79176595	79742617
10	79742618	80462144
10	80462145	80875213
10	80875214	81145642
10	81145643	82378238
10	82378239	82707419
10	82707420	83600968
10	83600969	84477570
10	84477571	85657060
10	85657061	86934217
10	86934218	87848038
10	87848039	88983638
10	88983639	89895039
10	89895040	90787238
10	90787239	91625543
10	91625544	92106307
10	92106308	92976135
10	92976136	94501903
10	94501904	95362050
10	95362051	96854541
10	96854542	98004262
10	98004263	98899155
10	98899156	99651450
10	99651451	100321177
10	100321178	102053992
10	102053993	102625337
10	102625338	104211058
10	104211059	106141457
10	106141458	107887703
10	107887704	108726430
10	108726431	109606740
10	109606741	111337260
10	111337261	112560341
10	112560342	113690643
10	113690644	114248114
10	114248115	114823426
10	114823427	115327818
10	115327819	115855381
10	115855382	116360503
10	116360504	117856145
10	117856146	118520457
10	118520458	119173582
10	119173583	119522261
10	119522262	119699047
10	119699048	120589861
10	120589862	121105684
10	121105685	121886279
10	121886280	122405421
10	122405422	123002621
10	123002622	123257402
10	123257403	123897062
10	123897063	124403107
10	124403108	125176824
10	125176825	125536691
10	125536692	125679970
10	125679971	126144179
10	126144180	126755203
10	126755204	127288344
10	127288345	127890323
10	127890324	128192049
10	128192050	128449111
10	128449112	129132502
10	129132503	129404610
10	129404611	129782299
10	129782300	130308932
10	130308933	130527944
10	130527945	130723132
10	130723133	131035301
10	131035302	131513834
10	131513835	131740230
10	131740231	132251072
10	132251073	132599456
10	132599457	132967313
10	132967314	133325533
10	133325534	133838776
10	133838777	134335299
10	134335300	135052098
10	135052099	536870911
11	1	413012
11	413013	1390211
11	1390212	1958996
11	1958997	2306026
11	2306027	2583141
11	2583142	2920666
11	2920667	3407529
11	3407530	3820785
11	3820786	4684165
11	4684166	5248770
11	5248771	5629176
11	5629177	6280248
11	6280249	6475327
11	6475328	7206403
11	7206404	7562087
11	7562088	8032131
11	8032132	8343874
11	8343875	9672214
11	9672215	10757859
11	10757860	11241056
11	11241057	11559406
11	11559407	12074651
11	12074652	12284515
11	12284516	12564728
11	12564729	13228643
11	13228644	14255818
11	14255819	15742397
11	15742398	17001187
11	17001188	17760904
11	17760905	18705922
11	18705923	19251826
11	19251827	19599403
11	19599404	19962432
11	19962433	20121760
11	20121761	20684672
11	20684673	21018731
11	21018732	21359470
11	21359471	21772385
11	21772386	22688053
11	22688054	23671985
11	23671986	24527958
11	24527959	24843020
11	24843021	25819061
11	25819062	26774030
11	26774031	28742220
11	28742221	30686020
11	30686021	32080615
11	32080616	33384046
11	33384047	33956132
11	33956133	34311993
11	34311994	34666262
11	34666263	35442608
11	35442609	35874466
11	35874467	36182247
11	36182248	36897403
11	36897404	37841511
11	37841512	40092793
11	40092794	40721272
11	40721273	42309384
11	42309385	43879540
11	43879541	44372916
11	44372917	44785286
11	44785287	45071321
11	45071322	46274143
11	46274144	57811541
11	57811542	59852596
11	59852597	60539170
11	60539171	61623793
11	61623794	62308852
11	62308853	63581997
11	63581998	65135413
11	65135414	67528246
11	67528247	68903465
11	68903466	69543083
11	69543084	69974480
11	69974481	70614270
11	70614271	71294826
11	71294827	72938767
11	72938768	74264335
11	74264336	75287341
11	75287342	76420924
11	76420925	77234011
11	77234012	78573179
11	78573180	78933069
11	78933070	79374592
11	79374593	80127840
11	80127841	80798942
11	80798943	82051217
11	82051218	83576460
11	83576461	84992639
11	84992640	86718978
11	86718979	87669065
11	87669066	89065017
11	89065018	91250362
11	91250363	92316443
11	92316444	93575678
11	93575679	94769013
11	94769014	95269617
11	95269618	95724658
11	95724659	96227949
11	96227950	97105850
11	97105851	98703733
11	98703734	99426548
11	99426549	100414181
11	100414182	101204486
11	101204487	102633694
11	102633695	103540781
11	103540782	104874041
11	104874042	106522303
11	106522304	107842589
11	107842590	109139443
11	109139444	110218570
11	110218571	111176558
11	111176559	112459111
11	112459112	113142322
11	113142323	113960484
11	113960485	114188930
11	114188931	115170257
11	115170258	115902829
11	115902830	116277647
11	116277648	116462585
11	116462586	117360293
11	117360294	117747110
11	117747111	118312116
11	118312117	119383853
11	119383854	120072179
11	120072180	120533008
11	120533009	120834480
11	120834481	121661507
11	121661508	122198706
11	122198707	122679481
11	122679482	123151785
11	123151786	123497876
11	123497877	124404318
11	124404319	124719898
11	124719899	125275758
11	125275759	126316103
11	126316104	126601675
11	126601676	127315468
11	127315469	128045869
11	128045870	128580047
11	128580048	128764180
11	128764181	129453148
11	129453149	129905010
11	129905011	130502155
11	130502156	130895530
11	130895531	131218040
11	131218041	131430127
11	131430128	131872637
11	131872638	132585016
11	132585017	132910603
11	132910604	133090470
11	133090471	133523942
11	133523943	133934413
11	133934414	134399760
11	134399761	134769426
11	134769427	536870911
12	1	523151
12	523152	785468
12	785469	1631037
12	1631038	1777272
12	1777273	2271575
12	2271576	2609392
12	2609393	3129320
12	3129321	3392949
12	3392950	3714374
12	3714375	4068186
12	4068187	4156627
12	4156628	4554413
12	4554414	5060570
12	5060571	5439355
12	5439356	5900632
12	5900633	6302009
12	6302010	6520970
12	6520971	7062391
12	7062392	7847308
12	7847309	8138155
12	8138156	8648526
12	8648527	9029872
12	9029873	10176219
12	10176220	10829003
12	10829004	11752006
12	11752007	12003213
12	12003214	12237139
12	12237140	12732360
12	12732361	13050484
12	13050485	13466980
12	13466981	14264114
12	14264115	15113976
12	15113977	16136782
12	16136783	16739587
12	16739588	17614025
12	17614026	19087150
12	19087151	20076358
12	20076359	20526181
12	20526182	21314196
12	21314197	22245928
12	22245929	22960217
12	22960218	23665503
12	23665504	24235219
12	24235220	24546337
12	24546338	25164769
12	25164770	25709602
12	25709603	26532629
12	26532630	27531435
12	27531436	28227410
12	28227411	29367933
12	29367934	30102985
12	30102986	30980198
12	30980199	31797673
12	31797674	32367091
12	32367092	33960803
12	33960804	41017908
12	41017909	42870444
12	42870445	43984386
12	43984387	45386398
12	45386399	46604557
12	46604558	47716012
12	47716013	48285648
12	48285649	50165690
12	50165691	51581565
12	51581566	52264525
12	52264526	52645754
12	52645755	53210937
12	53210938	54238930
12	54238931	54775632
12	54775633	55336327
12	55336328	56351937
12	56351938	57622821
12	57622822	58974650
12	58974651	60475057
12	60475058	62383827
12	62383828	63257598
12	63257599	64399560
12	64399561	65383970
12	65383971	66304752
12	66304753	66889944
12	66889945	67442148
12	67442149	68173779
12	68173780	68791017
12	68791018	69354845
12	69354846	70017401
12	70017402	71015537
12	71015538	71839617
12	71839618	72703314
12	72703315	75193041
12	75193042	76116221
12	76116222	76520838
12	76520839	77449514
12	77449515	78401485
12	78401486	79055383
12	79055384	80136794
12	80136795	81029906
12	81029907	82587848
12	82587849	83413269
12	83413270	85165160
12	85165161	87806829
12	87806830	89442267
12	89442268	90569853
12	90569854	92064837
12	92064838	92680954
12	92680955	93456491
12	93456492	93924509
12	93924510	94281246
12	94281247	94665258
12	94665259	95113413
12	95113414	95930681
12	95930682	96439020
12	96439021	96800118
12	96800119	97791546
12	97791547	98580281
12	98580282	99474536
12	99474537	100779496
12	100779497	101613488
12	101613489	102094940
12	102094941	103179384
12	103179385	104099230
12	104099231	104847314
12	104847315	105137510
12	105137511	106223315
12	106223316	106660890
12	106660891	108168585
12	108168586	108851561
12	108851562	109769681
12	109769682	111738364
12	111738365	113524987
12	113524988	114047575
12	114047576	114816363
12	114816364	115122875
12	115122876	115450682
12	115450683	115838544
12	115838545	116325118
12	116325119	117007376
12	117007377	117557799
12	117557800	118011284
12	118011285	118309732
12	118309733	118896002
12	118896003	119525904
12	119525905	119857661
12	119857662	121039980
12	121039981	122153496
12	122153497	123927513
12	123927514	124844581
12	124844582	125170516
12	125170517	125456535
12	125456536	125890896
12	125890897	126355028
12	126355029	126593115
12	126593116	127172499
12	127172500	127554728
12	127554729	127872126
12	127872127	128074016
12	128074017	128409586
12	128409587	128652033
12	128652034	128849659
12	128849660	129032694
12	129032695	129171159
12	129171160	129429026
12	129429027	129657564
12	129657565	129935733
12	129935734	130162135
12	130162136	130495164
12	130495165	130667391
12	130667392	130961326
12	130961327	131226051
12	131226052	131657311
12	131657312	132014206
12	132014207	133008572
12	133008573	536870911
13	1	19967698
13	19967699	20801273
13	20801274	21121357
13	21121358	21871882
13	21871883	22375647
13	22375648	22567741
13	22567742	22733031
13	22733032	23006796
13	23006797	23507535
13	23507536	23763822
13	23763823	24479173
13	24479174	24731243
13	24731244	24878466
13	24878467	25639332
13	25639333	25975155
13	25975156	26593106
13	26593107	27283566
13	27283567	27544634
13	27544635	28113019
13	28113020	28564051
13	28564052	28960668
13	28960669	29513408
13	29513409	30015650
13	30015651	30624499
13	30624500	31057682
13	31057683	31395632
13	31395633	31698294
13	31698295	32308259
13	32308260	32986219
13	32986220	33777078
13	33777079	34382302
13	34382303	35134562
13	35134563	36277133
13	36277134	36581020
13	36581021	37329353
13	37329354	38044508
13	38044509	38878778
13	38878779	39831614
13	39831615	40464025
13	40464026	40885120
13	40885121	41416221
13	41416222	42640069
13	42640070	43496844
13	43496845	43928135
13	43928136	44860167
13	44860168	45475976
13	45475977	46367093
13	46367094	46862326
13	46862327	47429228
13	47429229	48197479
13	48197480	49536705
13	49536706	51339753
13	51339754	51864864
13	51864865	53537788
13	53537789	55154018
13	55154019	58826854
13	58826855	59999449
13	59999450	60963741
13	60963742	62128675
13	62128676	64008018
13	64008019	65928096
13	65928097	67511430
13	67511431	69004278
13	69004279	70865024
13	70865025	71375706
13	71375707	72329543
13	72329544	72959394
13	72959395	73596658
13	73596659	74308533
13	74308534	74672788
13	74672789	75198617
13	75198618	75877252
13	75877253	76807983
13	76807984	77914926
13	77914927	79140843
13	79140844	79806377
13	79806378	81008529
13	81008530	82581442
13	82581443	84624752
13	84624753	86321366
13	86321367	88362635
13	88362636	90701992
13	90701993	91452645
13	91452646	92379840
13	92379841	93357799
13	93357800	94735152
13	94735153	95151762
13	95151763	95780019
13	95780020	96132624
13	96132625	98312130
13	98312131	98748559
13	98748560	99025732
13	99025733	99397210
13	99397211	100523345
13	100523346	101395935
13	101395936	101758117
13	101758118	102385637
13	102385638	103339911
13	103339912	103830408
13	103830409	104280179
13	104280180	104843344
13	104843345	105344723
13	105344724	105639771
13	105639772	106065361
13	106065362	106442608
13	106442609	106737457
13	106737458	107119360
13	107119361	107493947
13	107493948	107888304
13	107888305	108265515
13	108265516	108708859
13	108708860	109120229
13	109120230	109504132
13	109504133	110142194
13	110142195	110535092
13	110535093	110883197
13	110883198	111084192
13	111084193	111435517
13	111435518	112079100
13	112079101	112666773
13	112666774	113086038
13	113086039	113570178
13	113570179	113999419
13	113999420	536870911
14	1	20347564
14	20347565	20711811
14	20711812	20959767
14	20959768	21115773
14	21115774	21283583
14	21283584	21513536
14	21513537	21675712
14	21675713	22221077
14	22221078	22592569
14	22592570	22978577
14	22978578	23257316
14	23257317	23607866
14	23607867	24052176
14	24052177	24401749
14	24401750	24904602
14	24904603	25623218
14	25623219	26335220
14	26335221	26687172
14	26687173	27532293
14	27532294	28953087
14	28953088	29914765
14	29914766	30548006
14	30548007	31242929
14	31242930	32415213
14	32415214	32969932
14	32969933	33371543
14	33371544	33616475
14	33616476	33930210
14	33930211	34165306
14	34165307	34386335
14	34386336	34690056
14	34690057	35154381
14	35154382	36526833
14	36526834	37279425
14	37279426	38558925
14	38558926	39979453
14	39979454	41927407
14	41927408	43274024
14	43274025	44686237
14	44686238	46746780
14	46746781	48433265
14	48433266	49955015
14	49955016	51263445
14	51263446	51769865
14	51769866	52334089
14	52334090	53071715
14	53071716	54289367
14	54289368	55046213
14	55046214	55235605
14	55235606	56508491
14	56508492	57128138
14	57128139	57602528
14	57602529	58448681
14	58448682	59448252
14	59448253	61801340
14	61801341	62221983
14	62221984	63168547
14	63168548	64226540
14	64226541	65653626
14	65653627	67924865
14	67924866	69052424
14	69052425	69792238
14	69792239	70642831
14	70642832	71340199
14	71340200	72488091
14	72488092	73178274
14	73178275	74688962
14	74688963	75747118
14	75747119	76030642
14	76030643	76870600
14	76870601	77329965
14	77329966	77842048
14	77842049	79028468
14	79028469	80011222
14	80011223	81000534
14	81000535	82458472
14	82458473	83261763
14	83261764	84273612
14	84273613	85747008
14	85747009	86645107
14	86645108	87634079
14	87634080	88727363
14	88727364	89605601
14	89605602	89954313
14	89954314	90329332
14	90329333	90937740
14	90937741	91617294
14	91617295	92337153
14	92337154	92924087
14	92924088	93376704
14	93376705	94285318
14	94285319	94854877
14	94854878	95172251
14	95172252	95350355
14	95350356	95775012
14	95775013	95948036
14	95948037	96402871
14	96402872	96675022
14	96675023	97460616
14	97460617	97962078
14	97962079	98264918
14	98264919	98989975
14	98989976	99481069
14	99481070	99729963
14	99729964	100100164
14	100100165	100787564
14	100787565	101332814
14	101332815	101592359
14	101592360	101878588
14	101878589	102341650
14	102341651	103683258
14	103683259	104702853
14	104702854	105090555
14	105090556	105955668
14	105955669	106397775
14	106397776	106574941
14	106574942	106726687
14	106726688	536870911
15	1	20527832
15	20527833	20889191
15	20889192	21005843
15	21005844	21937419
15	21937420	22487981
15	22487982	22882240
15	22882241	23176257
15	23176258	23785668
15	23785669	24043143
15	24043144	25034608
15	25034609	25415759
15	25415760	25915802
15	25915803	26186280
15	26186281	26422545
15	26422546	26725563
15	26725564	27220713
15	27220714	27492071
15	27492072	27928794
15	27928795	28973034
15	28973035	29449729
15	29449730	29892225
15	29892226	30583529
15	30583530	31751664
15	31751665	32621658
15	32621659	33131239
15	33131240	33526714
15	33526715	33794552
15	33794553	34018372
15	34018373	34638198
15	34638199	35082225
15	35082226	35944396
15	35944397	36425765
15	36425766	36804403
15	36804404	37344614
15	37344615	37968571
15	37968572	38814377
15	38814378	39158933
15	39158934	39529717
15	39529718	40384132
15	40384133	41208890
15	41208891	42729508
15	42729509	45419385
15	45419386	46618157
15	46618158	47486525
15	47486526	48209718
15	48209719	49247660
15	49247661	50712406
15	50712407	53015492
15	53015493	53699602
15	53699603	54339737
15	54339738	55823602
15	55823603	56785094
15	56785095	57833528
15	57833529	58439159
15	58439160	58746511
15	58746512	59607007
15	59607008	60128747
15	60128748	60842184
15	60842185	61183702
15	61183703	61433272
15	61433273	62099448
15	62099449	62911117
15	62911118	63302486
15	63302487	65094075
15	65094076	66359710
15	66359711	66976250
15	66976251	67389412
15	67389413	68697188
15	68697189	69017421
15	69017422	69934573
15	69934574	70315527
15	70315528	70504377
15	70504378	71499260
15	71499261	71922473
15	71922474	73722705
15	73722706	75473227
15	75473228	78134997
15	78134998	79106220
15	79106221	79365288
15	79365289	79995917
15	79995918	80724273
15	80724274	81184523
15	81184524	81666846
15	81666847	82386211
15	82386212	85517052
15	85517053	86653701
15	86653702	87437899
15	87437900	88033636
15	88033637	88826349
15	88826350	89274382
15	89274383	89580299
15	89580300	90066806
15	90066807	90578177
15	90578178	91386009
15	91386010	91745278
15	91745279	92092079
15	92092080	92575841
15	92575842	92935629
15	92935630	93295084
15	93295085	93654673
15	93654674	93801129
15	93801130	93909052
15	93909053	94215925
15	94215926	94623816
15	94623817	94854671
15	94854672	95204119
15	95204120	95662895
15	95662896	95997063
15	95997064	96473395
15	96473396	96731890
15	96731891	97079333
15	97079334	97517120
15	97517121	97794236
15	97794237	98152358
15	98152359	98499714
15	98499715	98830849
15	98830850	99105872
15	99105873	99608193
15	99608194	100078878
15	100078879	100633921
15	100633922	100872508
15	100872509	101411493
15	101411494	101691107
15	101691108	101944959
15	101944960	102147805
15	102147806	536870911
16	1	792190
16	792191	1040849
16	1040850	1243557
16	1243558	1997614
16	1997615	2394258
16	2394259	2889404
16	2889405	3498951
16	3498952	4106786
16	4106787	4814037
16	4814038	5197395
16	5197396	5536247
16	5536248	5930458
16	5930459	6087895
16	6087896	6360774
16	6360775	6652321
16	6652322	7045276
16	7045277	7476725
16	7476726	7704032
16	7704033	8052844
16	8052845	8360838
16	8360839	8749664
16	8749665	9229777
16	9229778	9753536
16	9753537	10347626
16	10347627	10655867
16	10655868	10934763
16	10934764	11544744
16	11544745	12062396
16	12062397	12719053
16	12719054	13120841
16	13120842	13763411
16	13763412	14377712
16	14377713	15886243
16	15886244	16204979
16	16204980	16956859
16	16956860	17408247
16	17408248	17841757
16	17841758	18978377
16	18978378	19243449
16	19243450	20055884
16	20055885	20420807
16	20420808	22447128
16	22447129	22795449
16	22795450	23369090
16	23369091	24018863
16	24018864	24365566
16	24365567	24714481
16	24714482	25617356
16	25617357	25909571
16	25909572	26150433
16	26150434	26807740
16	26807741	27038590
16	27038591	27374400
16	27374401	28019195
16	28019196	29036915
16	29036916	31157884
16	31157885	48484915
16	48484916	49494881
16	49494882	49989103
16	49989104	50886003
16	50886004	51320672
16	51320673	51907109
16	51907110	52648842
16	52648843	53375964
16	53375965	53927323
16	53927324	54231250
16	54231251	54398261
16	54398262	54741627
16	54741628	55189756
16	55189757	55623080
16	55623081	56345396
16	56345397	56985139
16	56985140	57324070
16	57324071	57728400
16	57728401	58365078
16	58365079	59023897
16	59023898	59885737
16	59885738	60917850
16	60917851	62225435
16	62225436	62698967
16	62698968	63990662
16	63990663	65287388
16	65287389	65910358
16	65910359	66485542
16	66485543	69542066
16	69542067	71101206
16	71101207	73071637
16	73071638	73466879
16	73466880	73820925
16	73820926	74735148
16	74735149	75521030
16	75521031	76524112
16	76524113	77336884
16	77336885	77819425
16	77819426	78168850
16	78168851	78623423
16	78623424	78947029
16	78947030	79014759
16	79014760	79156742
16	79156743	79552225
16	79552226	79942877
16	79942878	80554948
16	80554949	81086330
16	81086331	81326238
16	81326239	81683472
16	81683473	81916638
16	81916639	82412067
16	82412068	82678369
16	82678370	83079828
16	83079829	83308001
16	83308002	83651685
16	83651686	83995250
16	83995251	84285517
16	84285518	84465166
16	84465167	84672289
16	84672290	84978830
16	84978831	85213925
16	85213926	85452695
16	85452696	85613343
16	85613344	85675016
16	85675017	86019641
16	86019642	86156860
16	86156861	86440574
16	86440575	86733730
16	86733731	86929340
16	86929341	87200035
16	87200036	87837780
16	87837781	88225058
16	88225059	88506741
16	88506742	88964934
16	88964935	90108832
16	90163589	536870911
17	1	149172
17	149173	736927
17	736928	873086
17	873087	1096930
17	1096931	1501948
17	1501949	1813507
17	1813508	2629170
17	2629171	2846682
17	2846683	3395543
17	3395544	3751857
17	3751858	4385503
17	4385504	4626354
17	4626355	5454459
17	5454460	5801331
17	5801332	6022961
17	6022962	6365913
17	6365914	6798378
17	6798379	7239911
17	7239912	7923564
17	7923565	8555647
17	8555648	8904563
17	8904564	9193945
17	9193946	9607563
17	9607564	9750310
17	9750311	9964932
17	9964933	10157297
17	10157298	10723446
17	10723447	11035599
17	11035600	11341576
17	11341577	11778240
17	11778241	12340338
17	12340339	12664400
17	12664401	13000883
17	13000884	13301747
17	13301748	13625425
17	13625426	13815595
17	13815596	14252723
17	14252724	14503633
17	14503634	14822052
17	14822053	15063832
17	15063833	15671944
17	15671945	16836425
17	16836426	17421187
17	17421188	18855486
17	18855487	20677957
17	20677958	21428752
17	21428753	26743793
17	26743794	28661392
17	28661393	30046691
17	30046692	30901250
17	30901251	31694078
17	31694079	32011707
17	32011708	32339662
17	32339663	32754851
17	32754852	32985006
17	32985007	33824903
17	33824904	34470690
17	34470691	35156778
17	35156779	35737415
17	35737416	36180298
17	36180299	36922510
17	36922511	38388040
17	38388041	39666594
17	39666595	40394090
17	40394091	42055210
17	42055211	43332365
17	43332366	45307359
17	45307360	47039132
17	47039133	47603099
17	47603100	48195818
17	48195819	48610732
17	48610733	49446896
17	49446897	50211542
17	50211543	52100977
17	52100978	53274736
17	53274737	53737471
17	53737472	54301223
17	54301224	54833348
17	54833349	55249887
17	55249888	55604585
17	55604586	55932988
17	55932989	56777148
17	56777149	59314026
17	59314027	59584889
17	59584890	60904812
17	60904813	62494139
17	62494140	63166080
17	63166081	63564505
17	63564506	64436201
17	64436202	65012762
17	65012763	65573439
17	65573440	66318466
17	66318467	66757572
17	66757573	67527626
17	67527627	68256351
17	68256352	69075359
17	69075360	69547287
17	69547288	70246323
17	70246324	70499420
17	70499421	70903678
17	70903679	71085491
17	71085492	71411088
17	71411089	71730451
17	71730452	72004495
17	72004496	72174922
17	72174923	72608926
17	72608927	73228236
17	73228237	74189717
17	74189718	74858608
17	74858609	75060895
17	75060896	75475954
17	75475955	75616931
17	75616932	76126607
17	76126608	76353793
17	76353794	76596275
17	76596276	76977466
17	76977467	77210156
17	77210157	77326999
17	77327000	77545109
17	77545110	77926297
17	77926298	78427740
17	78427741	78999828
17	78999829	79687893
17	79687894	80459385
17	80459386	536870911
18	1	394946
18	394947	620089
18	620090	910635
18	910636	1469688
18	1469689	1977721
18	1977722	2279754
18	2279755	2841862
18	2841863	3008046
18	3008047	3347813
18	3347814	3520555
18	3520556	3725553
18	3725554	4040855
18	4040856	4341863
18	4341864	4588179
18	4588180	5084755
18	5084756	5349100
18	5349101	5796684
18	5796685	6044806
18	6044807	6432709
18	6432710	6650586
18	6650587	6956393
18	6956394	7131234
18	7131235	7383260
18	7383261	7924976
18	7924977	8414345
18	8414346	8657546
18	8657547	8826083
18	8826084	9653348
18	9653349	9838928
18	9838929	10113319
18	10113320	10313183
18	10313184	10565920
18	10565921	11048468
18	11048469	11230579
18	11230580	11607467
18	11607468	12009016
18	12009017	12924312
18	12924313	13522062
18	13522063	14184684
18	14184685	15204561
18	15204562	19995731
18	19995732	21622994
18	21622995	22119829
18	22119830	22897762
18	22897763	24022964
18	24022965	24362758
18	24362759	25146618
18	25146619	26257943
18	26257944	27503200
18	27503201	28720397
18	28720398	29368075
18	29368076	30264100
18	30264101	32341898
18	32341899	33683691
18	33683692	34882540
18	34882541	35891422
18	35891423	37685765
18	37685766	39134720
18	39134721	40471878
18	40471879	42307705
18	42307706	43144684
18	43144685	43961411
18	43961412	44940201
18	44940202	45591325
18	45591326	45875517
18	45875518	46347068
18	46347069	47148299
18	47148300	48153603
18	48153604	48666945
18	48666946	49478180
18	49478181	50356760
18	50356761	52715175
18	52715176	53946682
18	53946683	55111484
18	55111485	55513044
18	55513045	55846535
18	55846536	56528896
18	56528897	56943339
18	56943340	57376452
18	57376453	57728779
18	57728780	59020751
18	59020752	59414200
18	59414201	60086092
18	60086093	60878883
18	60878884	61176566
18	61176567	61823495
18	61823496	62549069
18	62549070	63469241
18	63469242	64851887
18	64851888	65319007
18	65319008	65939134
18	65939135	66408427
18	66408428	67153950
18	67153951	67511067
18	67511068	68046681
18	68046682	68812009
18	68812010	69363603
18	69363604	70094707
18	70094708	70531818
18	70531819	70961585
18	70961586	71372169
18	71372170	71503390
18	71503391	71873652
18	71873653	72184237
18	72184238	72836420
18	72836421	73135383
18	73135384	73693538
18	73693539	74080456
18	74080457	74331870
18	74331871	74710059
18	74710060	74968556
18	74968557	75218141
18	75218142	75604205
18	75604206	76008166
18	76008167	76433616
18	76433617	77149806
18	77149807	77550145
18	77550146	536870911
19	1	484650
19	484651	638853
19	638854	812801
19	812802	1090803
19	1090804	1341509
19	1341510	1673509
19	1673510	1922599
19	1922600	2360854
19	2360855	2610822
19	2610823	2962465
19	2962466	3133869
19	3133870	3382274
19	3382275	3715419
19	3715420	3970435
19	3970436	4350311
19	4350312	4742238
19	4742239	5261506
19	5261507	5518860
19	5518861	6204129
19	6204130	6568338
19	6568339	6796722
19	6796723	6970995
19	6970996	7267939
19	7267940	7730128
19	7730129	7879813
19	7879814	8336410
19	8336411	8821718
19	8821719	9246205
19	9246206	10111065
19	10111066	10625796
19	10625797	11521204
19	11521205	12496934
19	12496935	13306790
19	13306791	13674239
19	13674240	14162676
19	14162677	14614403
19	14614404	15099473
19	15099474	15648148
19	15648149	16254422
19	16254423	16855265
19	16855266	17258828
19	17258829	17753239
19	17753240	17952592
19	17952593	18508888
19	18508889	19297292
19	19297293	20647550
19	20647551	22730026
19	22730027	28556910
19	28556911	29673143
19	29673144	30236264
19	30236265	30904659
19	30904660	31383225
19	31383226	32166846
19	32166847	32996606
19	32996607	33726810
19	33726811	34142410
19	34142411	34445369
19	34445370	35465897
19	35465898	35696724
19	35696725	36079704
19	36079705	37437106
19	37437107	39381831
19	39381832	39913558
19	39913559	40971650
19	40971651	41540285
19	41540286	42130978
19	42130979	43858317
19	43858318	44280478
19	44280479	45195313
19	45195314	45444366
19	45444367	46098885
19	46098886	46767173
19	46767174	47168129
19	47168130	47600593
19	47600594	48292018
19	48292019	48571026
19	48571027	49094856
19	49094857	49554132
19	49554133	50187111
19	50187112	50710969
19	50710970	51108312
19	51108313	51278589
19	51278590	51477528
19	51477529	51592564
19	51592565	51902327
19	51902328	52218926
19	52218927	52895885
19	52895886	53252517
19	53252518	53445663
19	53445664	53804098
19	53804099	54096412
19	54096413	54177273
19	54177274	54337580
19	54337581	54514086
19	54514087	54743056
19	54743057	54930361
19	54930362	55200882
19	55200883	55657041
19	55657042	56009881
19	56009882	56369314
19	56369315	56651323
19	56651324	56900486
19	56900487	57397510
19	57397511	57600849
19	57600850	58536866
19	58536867	536870911
20	1	347908
20	347909	593318
20	593319	775842
20	775843	894722
20	894723	1041962
20	1041963	1721450
20	1721451	1946229
20	1946230	2311344
20	2311345	2573486
20	2573487	3084593
20	3084594	3786637
20	3786638	4157600
20	4157601	4516230
20	4516231	4795152
20	4795153	5042089
20	5042090	5229261
20	5229262	5449373
20	5449374	5694295
20	5694296	5865636
20	5865637	6637234
20	6637235	6813845
20	6813846	7227164
20	7227165	7956475
20	7956476	8525949
20	8525950	9033714
20	9033715	9499381
20	9499382	9959412
20	9959413	10282027
20	10282028	10895512
20	10895513	11245328
20	11245329	12011371
20	12011372	12637696
20	12637697	13071871
20	13071872	13688842
20	13688843	15147150
20	15147151	15543368
20	15543369	15691125
20	15691126	16076525
20	16076526	16730522
20	16730523	17451220
20	17451221	17853250
20	17853251	18346206
20	18346207	18994832
20	18994833	19616837
20	19616838	19917350
20	19917351	20381302
20	20381303	22306326
20	22306327	22966362
20	22966363	23965491
20	23965492	24717365
20	24717366	31046567
20	31046568	31916073
20	31916074	35505723
20	35505724	36553510
20	36553511	37012010
20	37012011	38436593
20	38436594	39234837
20	39234838	40377147
20	40377148	40992527
20	40992528	41399171
20	41399172	41842826
20	41842827	42386824
20	42386825	42839620
20	42839621	43387716
20	43387717	44201879
20	44201880	45119670
20	45119671	45580354
20	45580355	46080276
20	46080277	46576714
20	46576715	46918537
20	46918538	47501776
20	47501777	48428202
20	48428203	49241945
20	49241946	49778985
20	49778986	50104864
20	50104865	50580276
20	50580277	51390385
20	51390386	51885312
20	51885313	52254491
20	52254492	52526840
20	52526841	52977135
20	52977136	53619270
20	53619271	54089680
20	54089681	54545987
20	54545988	55115484
20	55115485	55355434
20	55355435	55595951
20	55595952	56137834
20	56137835	56291838
20	56291839	56556594
20	56556595	57040931
20	57040932	57208104
20	57208105	57877938
20	57877939	58088597
20	58088598	58382649
20	58382650	58783785
20	58783786	59361382
20	59361383	59559273
20	59559274	59767830
20	59767831	60121896
20	60121897	60339324
20	60339325	60649522
20	60649523	61298966
20	61298967	61504725
20	61504726	61994264
20	61994265	62489027
20	62489028	536870911
21	1	14886814
21	14886815	15586875
21	15586876	16091186
21	16091187	16440190
21	16440191	16843298
21	16843299	17558787
21	17558788	17828046
21	17828047	17864098
21	17864099	18050165
21	18050166	18461068
21	18461069	19039522
21	19039523	19479731
21	19479732	19658241
21	19658242	20198061
21	20198062	20922960
21	20922961	21642673
21	21642674	21907111
21	21907112	22200200
21	22200201	22887260
21	22887261	23505652
21	23505653	24695405
21	24695406	25250947
21	25250948	25900746
21	25900747	26509668
21	26509669	27793805
21	27793806	28095992
21	28095993	28564141
21	28564142	28930833
21	28930834	29518528
21	29518529	31196254
21	31196255	32214655
21	32214656	32741108
21	32741109	33325997
21	33325998	33868483
21	33868484	34542787
21	34542788	35424810
21	35424811	36011213
21	36011214	36338916
21	36338917	36689996
21	36689997	37836378
21	37836379	38149390
21	38149391	39091124
21	39091125	39657027
21	39657028	40116044
21	40116045	40481524
21	40481525	41110282
21	41110283	41387845
21	41387846	41916402
21	41916403	42224120
21	42224121	42545250
21	42545251	42865324
21	42865325	43139598
21	43139599	43443498
21	43443499	43727683
21	43727684	44071939
21	44071940	44596272
21	44596273	45133868
21	45133869	45938363
21	45938364	46335580
21	46335581	46777491
21	46777492	47491014
21	47491015	536870911
22	1	16252600
22	16252601	17089639
22	17089640	17571604
22	17571605	17718606
22	17718607	17823261
22	17823262	18061337
22	18061338	18540954
22	18540955	19139368
22	19139369	19685895
22	19685896	20192587
22	20192588	20378905
22	20378906	20967333
22	20967334	21376092
22	21376093	22357484
22	22357485	22599537
22	22599538	23022027
22	23022028	23229190
22	23229191	23717650
22	23717651	23950646
22	23950647	25074207
22	25074208	25425282
22	25425283	25930784
22	25930785	26329339
22	26329340	26666059
22	26666060	27137135
22	27137136	27297757
22	27297758	27486978
22	27486979	27676577
22	27676578	27831792
22	27831793	28129776
22	28129777	29457141
22	29457142	31060982
22	31060983	32664241
22	32664242	32952012
22	32952013	33517081
22	33517082	33997551
22	33997552	34799370
22	34799371	35756009
22	35756010	36452745
22	36452746	36907098
22	36907099	37246329
22	37246330	37542762
22	37542763	37782938
22	37782939	38614933
22	38614934	39409445
22	39409446	39942090
22	39942091	42691296
22	42691297	43573946
22	43573947	44321149
22	44321150	44522833
22	44522834	44755650
22	44755651	45011691
22	45011692	45188420
22	45188421	45497395
22	45497396	45941476
22	45941477	46512835
22	46512836	46926701
22	46926702	47566909
22	47566910	47937891
22	47937892	48271771
22	48271772	48646477
22	48646478	48747919
22	48747920	49070189
22	49070190	49349501
22	49349502	49592082
22	49592083	49777002
22	49777003	49910517
22	49910518	50835040
22	50835041	536870911
