pid	or	p.value	ws_emp_shrinkage
10:101291593	0.951	0.474	0.197485288653302
10:112186148	0.865	0.0529	0.160742141357555
10:115481018	1.09	0.265	0.128306978788738
10:131562993	0.837	0.0963	0.053266023373448
10:27177245	0.996	0.966	0.114440970940729
10:30802799	0.878	0.121	0.127465127089693
10:33426147	1.12	0.0984	0.108268994326501
10:35359619	0.953	0.513	0.0282431375866597
10:59893930	1.03	0.68	0.0458699035268012
10:6106266	1.02	0.8	0.0331629621037438
10:6106552	1.02	0.757	0.0252984932384279
10:6108439	0.96	0.577	0.0257496932038086
10:6110875	1	0.958	0.0735418421348719
10:63786554	1.32	0.000568	0.0891067710794478
10:63809527	1.12	0.097	0.0393449241880985
10:6402741	0.881	0.143	0.130277956992928
10:64388365	0.95	0.477	0.0752525768061589
10:64396921	0.946	0.441	0.100607097372062
10:75607168	0.92	0.302	0.0329083773918204
10:75693932	1.07	0.426	0.0835278551541203
10:81037229	1.02	0.773	0.167039113381161
10:8106502	1.12	0.124	0.153141896035158
10:8480044	0.99	0.887	0.10154635799788
10:8484113	0.983	0.82	0.0241507493489101
10:9062856	0.985	0.83	0.157161300295515
10:94481917	0.966	0.633	0.0943252072548618
11:114403674	0.978	0.764	0.066021651221055
11:114441123	0.981	0.799	0.0969823227286233
11:118684610	0.86	0.0927	0.0098071087867593
11:118741842	1.11	0.233	0.0631015734238659
11:118743772	1.1	0.296	0.0303865626956968
11:128385906	1.1	0.266	0.0744604751679369
11:128502496	1.18	0.0216	0.0667021404629994
11:128619775	1.06	0.408	0.0748088518892548
11:128628935	1.11	0.142	0.0528973867169015
11:2234690	0.885	0.194	0.121309822241901
11:35093070	0.986	0.839	0.0651082369352263
11:35289819	1.03	0.717	0.0337231009358321
11:35307148	1.02	0.741	0.0315474223869204
11:606749	0.759	0.0019	0.027551913577521
11:60832282	0.943	0.415	0.0529102872557103
11:61552680	0.994	0.93	0.0134374281972191
11:61557803	0.99	0.886	0.0178131528064702
11:61595564	0.862	0.109	0.0244370010926102
11:619789	1.21	0.0109	0.127803301555878
11:64097233	0.913	0.207	0.0387071458407492
11:64129722	0.869	0.0523	0.0730904398981833
11:76270683	0.931	0.325	0.165854697892396
11:89005253	1.05	0.486	0.158607629892349
11:95311422	0.886	0.206	0.110068587929855
11:96025709	0.995	0.945	0.0471230698524601
12:111410537	0.855	0.0243	0.1236213695009
12:112072424	1.05	0.48	0.0546231271308856
12:112610714	1.03	0.693	0.0694461871743309
12:112906415	0.979	0.765	0.0346738463741476
12:121278266	0.938	0.363	0.014009108420335
12:121400244	0.971	0.694	0.020609995339807
12:129271719	1.37	0.00238	0.0971819841206333
12:40793993	0.906	0.174	0.0641479198846891
12:56401085	1.12	0.115	0.0624595919626936
12:56412487	0.931	0.335	0.0540050078077821
12:57489828	1.16	0.0342	0.0244006243694151
12:58068388	0.972	0.697	0.0266263899680219
12:68500075	0.908	0.181	0.128733602919873
12:9876091	1.08	0.276	0.0473394315152536
13:27531267	1.09	0.323	0.138995782446189
13:27545396	1.13	0.129	0.103335035226718
13:40342557	1.03	0.695	0.0825930786207136
13:40350912	0.972	0.696	0.0574953759270978
13:42989660	1	0.951	0.0458563136100372
13:42997324	1.06	0.487	0.0220786445174206
13:44471317	1.01	0.895	0.0988113847636694
13:84456735	0.828	0.0244	0.0128913230181666
14:22905065	1.06	0.367	0.0610202799079186
14:25102160	1.02	0.841	0.0842790998880069
14:25103414	0.981	0.816	0.0513547727425208
14:69254191	1.06	0.406	0.048945191746358
14:69285264	1.09	0.239	0.0435225390719679
14:75709566	0.884	0.0757	0.145685451161513
14:76005557	0.935	0.401	0.100227608813437
14:76010981	0.969	0.692	0.0344908960071568
14:88419358	1.27	0.0348	0.019272468981308
14:88477882	1.06	0.62	0.0295018610347066
14:88497451	1.29	0.0283	0.0232876988721394
15:38838264	1.03	0.701	0.0907417412343456
15:41466087	1.13	0.101	0.0712003399196482
15:61069988	1.08	0.451	0.106015552385447
15:63056538	0.882	0.137	0.13193886703444
15:67464013	0.894	0.159	0.155115427044523
15:69991417	0.963	0.635	0.0858280924374905
15:70004775	1.04	0.586	0.0495626156221208
15:79234268	0.974	0.72	0.0874443536266614
15:79239719	0.997	0.97	0.0249486413248158
15:80263217	0.916	0.276	0.0208844101409765
16:1073552	0.972	0.766	0.0392994014146183
16:11169683	0.939	0.388	0.0264384634574813
16:11174652	0.934	0.365	0.0300812066840149
16:11187783	0.95	0.489	0.029273046951811
16:11203730	0.933	0.328	0.0128207043189559
16:11241906	0.943	0.476	0.0141316712704103
16:11749774	1.18	0.0333	0.0300277190093562
16:11794895	0.983	0.804	0.0297443465708088
16:11810382	0.987	0.846	0.041370993012594
16:23853860	0.863	0.0344	0.0552727099373774
16:28304997	1.06	0.415	0.0515423621907217
16:28333411	1.02	0.752	0.0866506810172183
16:30495412	0.893	0.104	0.0364295107064977
16:31343005	1.22	0.0313	0.132316972037407
16:3695354	1.08	0.335	0.044233847467693
16:50725193	1.1	0.169	0.164739244810684
16:50917845	0.981	0.841	0.129177660045668
16:57368178	0.93	0.302	0.0295975946980476
16:57386566	0.851	0.0384	0.020812041808407
16:68573945	0.93	0.364	0.0447028424973669
16:68603798	0.931	0.377	0.0472256380149871
16:75247245	1.12	0.338	0.103408940938683
16:81889882	0.963	0.716	0.0253141535363852
16:82883338	1.18	0.0251	0.15200789945043
16:85977502	0.882	0.154	0.143227951341021
17:25843643	0.956	0.521	0.168765201740304
17:32579788	0.971	0.703	0.0290360208226388
17:32587725	0.976	0.757	0.137436354673127
17:38051348	1.02	0.826	0.0386168614725297
17:38062196	1.03	0.704	0.086501087947999
17:38069949	0.997	0.965	0.0393914420750737
17:38775150	0.946	0.437	0.139567645425799
17:40499533	0.96	0.573	0.0937654552960125
17:40507980	1.1	0.205	0.0453775271952436
17:47324353	1.02	0.841	0.0519761544574934
17:54880993	0.908	0.179	0.0244205773675528
17:54902055	0.914	0.215	0.0277497575135382
17:58024275	0.99	0.892	0.114873137967824
17:70641698	1.06	0.483	0.0458571036871129
17:70641865	1.04	0.615	0.0815275343816514
17:73369422	1.04	0.718	0.0405775313083679
18:12809340	1.1	0.267	0.0710335154612002
18:12847136	0.863	0.101	0.0298881926872486
18:46987640	1.1	0.436	0.0260814222335501
18:56384192	1.13	0.118	0.0323769598306927
18:60028655	1.03	0.714	0.133417356959339
18:67531642	1.02	0.766	0.0230647359378135
18:67535184	0.984	0.821	0.0370547273904017
18:67538824	0.984	0.818	0.0439494294459097
19:10577843	1	0.965	0.0738282617848948
19:10965270	0.799	0.00514	0.031747623965685
19:11002862	0.808	0.00767	0.0310128337288722
19:1124031	0.944	0.515	0.1466166122502
19:15539439	1.06	0.447	0.0271400643058001
19:18304700	0.977	0.761	0.121033923896956
19:33757062	1.02	0.825	0.16069909379788
19:37412887	0.933	0.319	0.0176139309635124
19:37483444	0.908	0.164	0.0170638605992061
19:37487632	0.908	0.165	0.0144139422541731
19:45146103	1.05	0.514	0.0243521847378389
19:46849806	0.969	0.677	0.0757658590152469
19:47208481	0.953	0.614	0.0908355925361286
19:47234885	0.958	0.683	0.0180558570874586
19:4830628	0.896	0.12	0.182579273870297
19:49211969	1.01	0.877	0.186509142317837
19:55380214	1.05	0.501	0.0584725657055257
19:6668972	1.09	0.312	0.144226080018952
1:101322866	1.04	0.624	0.0295507694021608
1:101407519	1.03	0.728	0.117866629821143
1:104893852	0.905	0.325	0.0298798413689563
1:114377568	0.95	0.647	0.102935353169247
1:117263790	0.824	0.00558	0.108054903696825
1:117263868	1.22	0.00973	0.0515963864537256
1:151792814	1.04	0.628	0.0495227264430012
1:151793174	0.933	0.41	0.0368186423239276
1:154364140	0.939	0.592	0.0289607134970679
1:155162067	0.895	0.109	0.0530452937079686
1:155433942	1.1	0.212	0.0529326639119838
1:157668390	1.05	0.446	0.0739458703962833
1:158668378	0.978	0.754	0.017884831820581
1:158687224	1.01	0.938	0.031475063993189
1:158694208	1	0.956	0.0216679392854282
1:160835583	0.848	0.0782	0.0932863321408557
1:161472158	1.22	0.01	0.0586600894383828
1:161479745	1.17	0.0287	0.0963362812114855
1:167411384	0.954	0.503	0.137376761644071
1:172675525	0.903	0.273	0.0447022846935993
1:172862234	0.924	0.341	0.0382891025771546
1:173226195	0.971	0.698	0.0511925062186996
1:17674537	1.04	0.596	0.164053970426185
1:183329261	1.22	0.0476	0.0825590792401456
1:192536813	0.966	0.696	0.0893661121144452
1:192541021	0.979	0.808	0.0206851629762705
1:197611682	0.956	0.595	0.0217379743172425
1:197631141	0.954	0.577	0.017926770043602
1:197689967	1.11	0.145	0.0586879654933104
1:197743506	0.948	0.533	0.0588847317955859
1:198656407	1	0.995	0.0946162825975538
1:200092352	0.909	0.354	0.028379018029848
1:200093351	0.914	0.384	0.0314748194091925
1:200097743	0.911	0.369	0.0371098812562867
1:20087406	0.921	0.271	0.0526435122405808
1:201020727	0.924	0.27	0.140801382493096
1:20171860	0.929	0.287	0.186376657103521
1:206994725	1.18	0.0702	0.11016301547027
1:212919407	0.87	0.312	0.048102434099431
1:22702231	1.01	0.936	0.131371779419053
1:2513216	1.03	0.634	0.0377044450568091
1:2526746	1.02	0.788	0.0541454901543373
1:2709164	1.06	0.463	0.0682690037355724
1:39991588	0.974	0.715	0.125554706351915
1:4698559	1.11	0.253	0.0280112929240993
1:67681669	1.07	0.322	0.059494807809668
1:67705958	1.07	0.637	0.0309412799820241
1:67811356	0.852	0.0629	0.0487792938764267
1:70995562	0.895	0.124	0.0513381853129258
1:8180210	0.929	0.418	0.0739983347490952
1:8469789	1.13	0.107	0.0970964933818114
1:93148377	0.957	0.584	0.0540789173874734
1:93210876	0.957	0.584	0.0827692238493722
20:14650357	0.951	0.53	0.027236889287775
20:14658870	0.957	0.58	0.0220467836996431
20:14677788	0.965	0.661	0.0654798219108838
20:1612819	1.03	0.68	0.059865324732752
20:19682909	0.993	0.924	0.0621204726114359
20:23078996	1.05	0.656	0.0174434192337361
20:23086504	1.06	0.621	0.0151281125287925
20:43086648	0.944	0.431	0.0838020508178983
20:43123028	0.95	0.458	0.0798873359799304
20:44634550	1.14	0.0732	0.116196962537825
20:52791518	0.973	0.701	0.188041194513348
20:57824309	0.89	0.092	0.0584898584381999
20:57829301	0.889	0.0896	0.0733167339455111
20:6085006	0.966	0.657	0.0222508181033331
21:16833222	1.04	0.614	0.187133295313909
21:34768097	1.18	0.0222	0.140974254797328
21:34787312	1.16	0.126	0.0174027182408552
21:35911599	0.936	0.548	0.0729419242588653
21:40465534	0.962	0.622	0.14718115478063
21:43841328	1.06	0.439	0.0530898661978278
21:43848521	1.08	0.365	0.0690917228075473
22:21939675	1.1	0.286	0.0607564661996069
22:21964761	1.1	0.271	0.0222697463720929
22:21982892	1.16	0.0919	0.0436628735481787
22:30494371	1.02	0.806	0.0415078555694872
22:37553725	1.05	0.548	0.0583528028183318
22:37581485	0.993	0.917	0.0997784116342143
22:39659773	0.873	0.167	0.069189076737016
22:39739628	1.06	0.39	0.0467545876075083
22:41799106	0.904	0.216	0.0517782718819648
22:41841034	0.942	0.482	0.0285220886399437
22:41961831	1.06	0.474	0.0237153910704161
2:100746395	1.08	0.288	0.0229586871877831
2:100765077	1.14	0.0674	0.0209681566545939
2:100832155	1.05	0.459	0.110089182291191
2:102926981	0.942	0.392	0.0453230950755418
2:102954653	0.995	0.96	0.0264013686579405
2:102957716	0.962	0.59	0.0438741172726223
2:102986222	1.06	0.391	0.0537181737148027
2:103070568	1.05	0.598	0.0961378741127683
2:111913056	1.27	0.0222	0.0777183964764113
2:12640741	0.878	0.0612	0.0250181273686553
2:12643443	0.879	0.0631	0.0293201836294388
2:145504693	0.965	0.78	0.0663570985982414
2:163110536	1.14	0.0638	0.132756693733149
2:181996045	1.01	0.917	0.0569674584521382
2:182308352	0.984	0.818	0.100916971502783
2:187502846	1.3	0.00855	0.0332870137078554
2:191535576	1.13	0.196	0.02186769570173
2:191538562	1.17	0.112	0.0439438924106452
2:191553931	1.14	0.0599	0.0663539151222415
2:191935804	1.25	0.0077	0.0190670702502272
2:191964633	0.783	0.00178	0.130278685342934
2:198894139	1.11	0.127	0.0479628199006788
2:199812578	1.11	0.166	0.0276093398969732
2:199827472	0.912	0.205	0.0752053123076148
2:199887785	1.1	0.196	0.0435425125150155
2:204708646	1.07	0.356	0.073154759728561
2:213920917	1.02	0.891	0.079301862156714
2:218988774	0.975	0.717	0.0424320682898357
2:218991005	0.975	0.719	0.0576885178759189
2:228651032	0.835	0.24	0.0284308277380464
2:231106724	1.05	0.574	0.044065171816588
2:231114131	1.09	0.315	0.0828268716712651
2:234182240	0.984	0.816	0.0173499397441366
2:234183368	0.982	0.796	0.0239033244371699
2:234184417	0.974	0.709	0.144994956332022
2:241583676	0.923	0.348	0.118664049990148
2:25150116	1.05	0.488	0.056647651025214
2:25150296	1.05	0.489	0.0646644985417903
2:25286435	0.953	0.491	0.173815074817605
2:27730940	1.02	0.813	0.156093346973045
2:28623159	1.01	0.869	0.168108327262149
2:30445322	1.16	0.047	0.0917813934627049
2:30448344	1.19	0.0191	0.0584383892611344
2:43812317	0.882	0.239	0.0193098409530964
2:43819139	0.88	0.232	0.0208947982226539
2:43831150	0.884	0.25	0.0542584437703904
2:55821846	0.818	0.238	0.0476896097688814
2:55887749	0.887	0.458	0.0307765536538017
2:61186829	0.994	0.933	0.126885831271038
2:65606653	1.11	0.127	0.0203255807979745
2:65608363	1.1	0.267	0.0513648781116295
2:65608909	1.11	0.123	0.0226535971505499
2:65633884	1.05	0.537	0.048252373522861
2:68647095	0.838	0.0107	0.071360057444479
2:8442248	0.963	0.627	0.0160604840178337
2:8443803	0.965	0.644	0.0126267007822907
3:101748638	1.05	0.502	0.0357653968427331
3:101755738	0.948	0.505	0.0369522007879332
3:101756221	0.948	0.505	0.0326066003768665
3:119122820	0.897	0.243	0.036690243931975
3:119205050	0.914	0.333	0.0388105658299251
3:119288848	1.06	0.622	0.0197883635966837
3:141102833	0.904	0.15	0.114914209775689
3:141140968	0.916	0.209	0.0534814514796866
3:146601295	0.883	0.175	0.133295580018972
3:159502420	1.18	0.0256	0.0340247821081233
3:159505603	1.17	0.0331	0.0205274543980464
3:159582382	1.19	0.0217	0.0942575583706858
3:159696998	1.02	0.776	0.0565842048568049
3:159728878	1.11	0.153	0.0667389720527282
3:169492101	0.954	0.565	0.0884972040306863
3:16955259	1	0.975	0.0339264587398294
3:17074871	0.896	0.172	0.0643713069585288
3:187735916	1.16	0.137	0.0378115830682716
3:187753995	1.09	0.216	0.0491209303948047
3:188087628	1.03	0.662	0.133629385367259
3:188124354	1.04	0.571	0.0429073800987736
3:188491558	1.06	0.425	0.0678710889902552
3:196351215	1.05	0.466	0.157269806184353
3:25377223	1.12	0.165	0.0309885034637216
3:25383666	1.14	0.11	0.0694394107923531
3:27764623	1.03	0.659	0.0741624841848118
3:27788780	0.991	0.906	0.07251384900258
3:28071444	1.1	0.183	0.172620487032311
3:30650064	1.24	0.021	0.0745245157038045
3:46235201	1.08	0.532	0.0150526984429912
3:49597737	0.992	0.917	0.0507202117965612
3:49721532	0.956	0.562	0.0591137758942711
3:53119703	0.96	0.554	0.0559062611305213
3:53126143	0.957	0.524	0.0547677030513767
3:58332068	1.13	0.0976	0.0648293102489039
3:58405947	0.889	0.108	0.084121245779759
3:71523110	0.97	0.668	0.0353713133742518
3:71545170	0.999	0.988	0.105721852455552
3:95548755	0.874	0.222	0.0402921888008703
4:103434253	1.22	0.0055	0.0601708456302178
4:123115502	0.942	0.518	0.0276416480829696
4:123218313	0.956	0.623	0.0120069338330744
4:123538912	0.958	0.564	0.022122471215186
4:123548068	0.957	0.551	0.0332624362995608
4:166574267	0.905	0.282	0.113483056946002
4:26085511	1.06	0.464	0.111446109685401
4:38132999	0.947	0.468	0.0488450577654788
4:38582859	0.987	0.866	0.120343440932719
4:48260644	1.07	0.339	0.0514701410983605
4:48354057	0.957	0.538	0.0496906961088373
4:72531761	1.14	0.215	0.0192520938675161
4:74856535	0.925	0.466	0.0619106656566493
4:80933308	0.867	0.0397	0.0414153896274718
4:91884244	1.03	0.712	0.142893366820089
5:102615707	1.05	0.531	0.0737787023280357
5:10743929	1.01	0.882	0.0595839058141766
5:110452845	1.12	0.0928	0.14820507465228
5:110567598	0.969	0.656	0.0234467124503668
5:131770805	1.07	0.338	0.0742556645145952
5:131784393	1.08	0.275	0.0307618574372564
5:131796922	0.972	0.699	0.0352159425582829
5:131819921	0.865	0.0403	0.0941958326891985
5:131969874	0.901	0.256	0.0200539977025947
5:131977127	0.916	0.335	0.0414336428566638
5:133422816	0.892	0.264	0.0556322272944359
5:134441457	0.989	0.87	0.111627249367863
5:134443606	0.991	0.902	0.0815268431986336
5:141479065	1.03	0.742	0.0259588971732543
5:141523000	0.988	0.871	0.132047038286798
5:14727882	0.99	0.901	0.0334117565080477
5:149196682	1.01	0.913	0.0390574889620493
5:149602824	1.04	0.621	0.0866504221984635
5:149611793	1.05	0.495	0.0421476621590721
5:150270420	1.13	0.321	0.0265215646166709
5:150458146	1.15	0.0752	0.0631018310937909
5:153582737	1.09	0.378	0.0102678676231376
5:156612088	0.887	0.257	0.0421541280408444
5:158759900	0.932	0.314	0.0442395027314949
5:158787385	0.942	0.424	0.0984424418570232
5:158839217	1.07	0.378	0.184337665971357
5:159879978	0.912	0.192	0.146849281816467
5:159886620	1.1	0.164	0.0222860067945727
5:168235180	1.01	0.871	0.115272365670078
5:176720766	0.959	0.548	0.048795187899152
5:33305739	1.08	0.5	0.0151724081506824
5:35881376	0.923	0.31	0.0276495196320725
5:35943042	1.02	0.846	0.063141710554108
5:38867732	0.919	0.226	0.125483533984308
5:40258578	1.17	0.221	0.0417634838811319
5:40431183	1.15	0.0481	0.0781094198652815
5:40431664	1.15	0.0481	0.0691164670551368
5:5373748	1.09	0.413	0.0215521189318588
5:55567087	0.982	0.866	0.111936761383585
5:560923	0.862	0.0871	0.06479996576116
5:583442	0.865	0.0945	0.0146138093689511
5:601485	0.938	0.469	0.0299487625274692
5:628294	0.947	0.531	0.0260863052885449
5:96231000	0.942	0.392	0.0388326315089302
5:96245343	0.939	0.363	0.0414053031741567
5:98451450	0.961	0.563	0.0352713380415581
6:106588806	0.961	0.574	0.114916305201322
6:111655530	1	0.983	0.0671906751826164
6:126835655	1.05	0.513	0.0646929064392072
6:127471533	0.974	0.708	0.0729155247930821
6:128245765	1.21	0.0463	0.0141901223800261
6:135739355	1.26	0.00116	0.130757221536922
6:137452908	0.978	0.782	0.15304191247713
6:137967214	1.05	0.513	0.0215606748684203
6:138011665	0.942	0.394	0.0311843300535421
6:138147048	0.924	0.394	0.0351776641026741
6:139438008	1.11	0.145	0.0600819508411057
6:139438117	1.11	0.146	0.060391777841212
6:159465977	1.02	0.807	0.104284964571961
6:159514778	0.996	0.953	0.0421160284214817
6:167399512	0.948	0.474	0.0379956264717921
6:167437988	1.07	0.358	0.0685972815425398
6:167537594	0.879	0.0648	0.0544349094384881
6:90814199	0.988	0.865	0.15666603433945
6:90946479	1.07	0.348	0.0739478550396135
6:90996769	0.997	0.969	0.0488510155892175
7:107453103	1.05	0.469	0.165019517452357
7:107480315	0.906	0.158	0.173761454892155
7:11625652	0.996	0.953	0.0461704914410243
7:128573967	1.24	0.00203	0.043502016523822
7:128594183	1.44	0.000161	0.0369168096112368
7:128617466	1.44	0.000162	0.0497959195201556
7:131852910	1.1	0.194	0.0815570374266364
7:132616793	1.08	0.351	0.0652316705231574
7:147919196	0.912	0.338	0.0942875720622473
7:148423624	1.03	0.708	0.0677637123787777
7:27247279	1.05	0.623	0.0763952523762033
7:2795957	0.99	0.899	0.0845386840794137
7:28176305	1.08	0.353	0.0429889806160237
7:2869985	0.977	0.754	0.0305204977736162
7:2873648	0.974	0.731	0.0423763654478959
7:37436854	0.976	0.833	0.0369050806381697
7:42121553	1	0.999	0.153116195373857
7:50304461	0.959	0.563	0.113194082788063
7:50469981	0.896	0.167	0.041216511522124
7:50470604	0.896	0.168	0.0395429543202776
7:50477213	0.897	0.174	0.0691165873641973
7:73187517	1.03	0.727	0.0551383399199959
7:73219508	0.999	0.987	0.0247970481832852
7:84674997	0.993	0.929	0.0317187872982295
7:92236164	1.15	0.109	0.0732389347237436
8:102457286	1.01	0.919	0.116729004785647
8:10981003	0.913	0.193	0.108869019894042
8:11349186	1.19	0.023	0.144121150314695
8:126540051	0.937	0.357	0.165418475557764
8:128815029	1.06	0.469	0.0750041236716899
8:129016347	0.886	0.204	0.0272245403855279
8:129556356	1.07	0.474	0.0768587633555349
8:133929917	1.06	0.411	0.173657756071484
8:134214204	1.16	0.0448	0.152699214110254
8:17882483	1.1	0.38	0.0189397134782279
8:79394667	1.06	0.471	0.0855757309649404
8:81095395	0.96	0.564	0.0515279003436394
8:81281007	1.01	0.863	0.0245989160109757
8:81285759	1	0.95	0.0478634687819414
8:81288634	0.984	0.828	0.0171760427076712
8:8724276	1.09	0.21	0.122925975172671
8:9029413	1.06	0.417	0.0928628223437894
8:96978748	0.966	0.733	0.0296535964827415
9:117538334	1.08	0.344	0.0652796317941772
9:117568766	1.02	0.807	0.105343850115305
9:123690239	1.05	0.526	0.136919824278221
9:127090966	0.957	0.547	0.0138243267749856
9:139266496	0.898	0.13	0.0784311393849235
9:139269338	0.908	0.173	0.0711460203713433
9:139289825	0.899	0.133	0.0219133715395655
9:1532437	0.923	0.25	0.0408298523160524
9:1533526	0.928	0.289	0.0380099622451654
9:34710338	1.02	0.74	0.137831608931446
9:4287466	1	0.994	0.144331253291544
9:5000811	1.05	0.495	0.127473313837602
9:5453172	1.04	0.612	0.108303141310525
9:5455732	0.96	0.612	0.0356804274783158
9:6161686	0.988	0.862	0.0790391165467913
9:6163823	0.989	0.877	0.0732488136731912
9:92321289	1	0.987	0.0536011591371267
9:93563536	0.925	0.384	0.0731905291924682
